Date S F S30
19750103      0.42700      0.42990      0.42160
19750110      0.42470      0.42700      0.41990
19750117      0.42480      0.42590      0.41750
19750124      0.41940      0.42070      0.41380
19750131      0.42050      0.42230      0.41220
19750207      0.42170      0.42370      0.41220
19750214      0.41810      0.42030      0.41370
19750221      0.41650      0.41850      0.41320
19750228      0.41200      0.41420      0.41510
19750307      0.41200      0.41390      0.41990
19750314      0.41430      0.41610      0.42330
19750321      0.41310      0.41460      0.42410
19750328      0.41500      0.41650      0.42480
19750404      0.41740      0.41880      0.42570
19750411      0.42290      0.42460      0.43410
19750418      0.42070      0.42210      0.43360
19750425      0.42480      0.42690      0.42980
19750502      0.42740      0.42970      0.43110
19750509      0.42900      0.43120      0.43440
19750516      0.43360      0.43570      0.44010
19750523      0.43010      0.43170      0.44570
19750530      0.43260      0.43420      0.45810
19750606      0.42990      0.43130      0.45570
19750613      0.43800      0.43960      0.45600
19750620      0.44010      0.44150      0.45830
19750627      0.44750      0.44870      0.45970
19750704      0.45460      0.45560      0.46820
19750711      0.45270      0.45350      0.47550
19750718      0.45990      0.46090      0.47100
19750725      0.45890      0.46020      0.47460
19750801      0.46550      0.46720      0.47330
19750808      0.47600      0.47760      0.47390
19750815      0.47400      0.47540      0.47960
19750822      0.47390      0.47540      0.48840
19750829      0.47350      0.47480      0.49030
19750905      0.47390      0.47530      0.49020
19750912      0.47430      0.47560      0.48710
19750919      0.48050      0.48190      0.48560
19750926      0.48880      0.49010      0.48400
19751003      0.49060      0.49190      0.48440
19751010      0.48720      0.48920      0.48440
19751017      0.48650      0.48860      0.49090
19751024      0.48290      0.48510      0.49040
19751031      0.48100      0.48290      0.49490
19751107      0.48320      0.48510      0.49440
19751114      0.48850      0.49070      0.49590
19751121      0.48890      0.49150      0.49480
19751128      0.49570      0.49780      0.49480
19751205      0.49330      0.49530      0.49180
19751212      0.49550      0.49750      0.49420
19751219      0.49460      0.49680      0.49380
19751226      0.49420      0.49600      0.49300
19760102      0.49430      0.49640      0.49260
19760109      0.49240      0.49420      0.49380
19760116      0.49320      0.49510      0.49360
19760123      0.49420      0.49630      0.49380
19760130      0.49250      0.49460      0.49320
19760206      0.49300      0.49460      0.51470
19760213      0.49370      0.49550      0.52070
19760220      0.49390      0.49540      0.52060
19760227      0.49320      0.49460      0.52210
19760305      0.49830      0.49990      0.53720
19760312      0.51710      0.52000      0.53940
19760319      0.52030      0.52310      0.54140
19760326      0.52000      0.52180      0.54610
19760402      0.53390      0.53630      0.54980
19760409      0.54360      0.54640      0.54530
19760416      0.53820      0.54000      0.55370
19760423      0.54590      0.54880      0.55790
19760430      0.54270      0.54500      0.58280
19760507      0.54840      0.55130      0.56560
19760514      0.54660      0.54880      0.56050
19760521      0.56050      0.56290      0.56400
19760528      0.56630      0.56880      0.56150
19760604      0.58280      0.58570      0.55460
19760611      0.56430      0.56710      0.55810
19760618      0.56260      0.56600      0.56220
19760625      0.56450      0.56850      0.56210
19760702      0.55570      0.55900      0.55800
19760709      0.55960      0.56350      0.55910
19760716      0.56350      0.56750      0.56020
19760723      0.56120      0.56460      0.56500
19760730      0.56050      0.56380      0.56350
19760806      0.55950      0.56310      0.56500
19760813      0.56050      0.56440      0.57840
19760820      0.56090      0.56400      0.58330
19760827      0.56390      0.56740      0.60060
19760903      0.56420      0.56800      0.61050
19760910      0.57390      0.57820      0.60400
19760917      0.57600      0.58030      0.60640
19760924      0.58480      0.58910      0.62660
19761001      0.59700      0.60350      0.62810
19761008      0.59950      0.60590      0.61050
19761015      0.60770      0.61630      0.60570
19761022      0.60640      0.61370      0.60990
19761029      0.62340      0.63150      0.60100
19761105      0.60680      0.61180      0.60350
19761112      0.61510      0.62040      0.59360
19761119      0.59510      0.60020      0.59450
19761126      0.60550      0.61110      0.58810
19761203      0.60130      0.60680      0.58530
19761210      0.59800      0.60370      0.58620
19761217      0.59900      0.60420      0.58210
19761224      0.59280      0.59870      0.58170
19761231      0.58720      0.59330      0.58260
19770107      0.58650      0.59170      0.58280
19770114      0.58380      0.58880      0.58630
19770121      0.58310      0.58750      0.58530
19770128      0.58290      0.58690      0.58550
19770204      0.58330      0.58690      0.58360
19770211      0.58380      0.58750      0.58280
19770218      0.58670      0.59060      0.58280
19770225      0.58540      0.58910      0.58140
19770304      0.58350      0.58790      0.58160
19770311      0.58270      0.58610      0.58170
19770318      0.58180      0.58490      0.58160
19770325      0.58200      0.58470      0.58150
19770401      0.58150      0.58350      0.58160
19770408      0.58180      0.58360      0.58150
19770415      0.58180      0.58390      0.58180
19770422      0.58160      0.58330      0.58240
19770429      0.58160      0.58320      0.58180
19770506      0.58180      0.58320      0.58180
19770513      0.58150      0.58230      0.58180
19770520      0.58210      0.58340      0.58170
19770527      0.58230      0.58470      0.58110
19770603      0.58230      0.58520      0.58120
19770610      0.58180      0.58400      0.58140
19770617      0.58150      0.58320      0.58140
19770624      0.58150      0.58300      0.58140
19770701      0.58140      0.58270      0.57500
19770708      0.58140      0.58270      0.57520
19770715      0.58150      0.58350      0.57430
19770722      0.58160      0.58270      0.57450
19770729      0.57540      0.57610      0.57380
19770805      0.57480      0.57530      0.57390
19770812      0.57520      0.57570      0.57330
19770819      0.57460      0.57490      0.57410
19770826      0.57410      0.57450      0.57340
19770902      0.57390      0.57410      0.56920
19770909      0.57360      0.57370      0.56830
19770916      0.57350      0.57320      0.56410
19770923      0.57370      0.57340      0.56310
19770930      0.57230      0.57160      0.54350
19771007      0.56820      0.56740      0.54950
19771014      0.56620      0.56470      0.55020
19771021      0.56460      0.56350      0.55170
19771028      0.56280      0.56190      0.55090
19771104      0.55290      0.55170      0.54780
19771111      0.55130      0.55000      0.54100
19771118      0.54950      0.54800      0.52880
19771125      0.54990      0.54970      0.53760
19771202      0.54890      0.54860      0.50590
19771209      0.54610      0.54560      0.51910
19771216      0.54020      0.54000      0.52110
19771223      0.53710      0.53690      0.51370
19771230      0.52490      0.52470      0.51330
19780106      0.52530      0.52490      0.51760
19780113      0.51730      0.51670      0.51710
19780120      0.51590      0.51540      0.51430
19780127      0.51330      0.51320      0.51240
19780203      0.51600      0.51590      0.51700
19780210      0.51680      0.51670      0.53040
19780217      0.51410      0.51430      0.52530
19780224      0.51220      0.51210      0.53060
19780303      0.51570      0.51580      0.53580
19780310      0.52190      0.52160      0.53190
19780317      0.52260      0.52260      0.54220
19780324      0.53390      0.53400      0.55050
19780331      0.53860      0.53860      0.54750
19780407      0.53380      0.53370      0.55200
19780414      0.53790      0.53790      0.55070
19780421      0.54730      0.54900      0.55170
19780428      0.54670      0.54790      0.54850
19780505      0.54600      0.54710      0.54910
19780512      0.54950      0.55070      0.54480
19780519      0.55190      0.55310      0.54160
19780526      0.55230      0.55310      0.53960
19780602      0.54760      0.54880      0.53680
19780609      0.54740      0.54930      0.52980
19780616      0.54620      0.54820      0.53100
19780623      0.54170      0.54290      0.51890
19780630      0.53750      0.53880      0.51810
19780707      0.53500      0.53590      0.51330
19780714      0.52970      0.53070      0.50340
19780721      0.52310      0.52450      0.52080
19780728      0.52270      0.52370      0.51450
19780804      0.51800      0.51900      0.51610
19780811      0.50920      0.51060      0.51320
19780818      0.50970      0.51070      0.50590
19780825      0.52000      0.52090      0.50610
19780901      0.51450      0.51550      0.50450
19780908      0.51490      0.51630      0.50490
19780915      0.51030      0.51160      0.50130
19780922      0.50790      0.50930      0.49850
19780929      0.50680      0.50810      0.48860
19781006      0.50530      0.50650      0.50630
19781013      0.50250      0.50500      0.50810
19781020      0.50020      0.50100      0.51370
19781027      0.48390      0.48420      0.51510
19781103      0.50260      0.50310      0.51270
19781110      0.50760      0.50860      0.50850
19781117      0.51360      0.51830      0.49430
19781124      0.51370      0.51460      0.49880
19781201      0.51630      0.51690      0.49460
19781208      0.51220      0.51290      0.49890
19781215      0.50560      0.50610      0.49760
19781222      0.49800      0.49830      0.50250
19781229      0.49120      0.49150      0.50400
19790105      0.49530      0.49540      0.49790
19790112      0.50250      0.50340      0.50020
19790119      0.49810      0.49880      0.49900
19790126      0.50140      0.50230      0.49630
19790202      0.50520      0.50640      0.49480
19790209      0.49970      0.50100      0.49000
19790216      0.49910      0.50010      0.49330
19790223      0.49750      0.49850      0.49190
19790302      0.49470      0.49550      0.48380
19790309      0.49040      0.49140      0.47640
19790316      0.49090      0.49140      0.48080
19790323      0.49160      0.49240      0.48690
19790330      0.48520      0.48600      0.48470
19790406      0.47620      0.47660      0.48380
19790413      0.48010      0.48040      0.48840
19790420      0.48290      0.48340      0.49020
19790427      0.48790      0.48820      0.48760
19790504      0.47870      0.47930      0.48100
19790511      0.48730      0.48780      0.47760
19790518      0.48730      0.48770      0.47210
19790525      0.48730      0.48760      0.46380
19790601      0.48170      0.48230      0.45660
19790608      0.48360      0.48400      0.45170
19790615      0.47630      0.47760      0.44250
19790622      0.46600      0.46720      0.43040
19790629      0.46100      0.46230      0.44440
19790706      0.44800      0.44920      0.45190
19790713      0.44930      0.45080      0.44650
19790720      0.43760      0.43850      0.45090
19790727      0.43060      0.43140      0.44470
19790803      0.44050      0.44150      0.44610
19790810      0.44640      0.44730      0.44890
19790817      0.45070      0.45150      0.46600
19790824      0.44950      0.45010      0.46150
19790831      0.44410      0.44490      0.45650
19790907      0.44490      0.44560      0.46630
19790914      0.45900      0.45980      0.46420
19790921      0.46060      0.46130      0.46760
19790928      0.45480      0.45500      0.48160
19791005      0.45790      0.45790      0.47700
19791012      0.46270      0.46200      0.47100
19791019      0.46480      0.46440      0.46300
19791026      0.47370      0.47290      0.46180
19791102      0.48510      0.48440      0.45810
19791109      0.47920      0.47890      0.45410
19791116      0.46600      0.46710      0.45500
19791123      0.46270      0.46390      0.45330
19791130      0.45590      0.45670      0.44900
19791207      0.46060      0.46140      0.44280
19791214      0.45540      0.45570      0.43940
19791221      0.45560      0.45620      0.43860
19791228      0.44840      0.44920      0.44130
19800104      0.44720      0.44770      0.43520
19800111      0.44250      0.44330      0.43340
19800118      0.43840      0.43970      0.43960
19800125      0.43870      0.44160      0.43740
19800201      0.44030      0.44170      0.44110
19800208      0.43430      0.43550      0.45060
19800215      0.43330      0.43450      0.45860
19800222      0.43900      0.43960      0.45870
19800229      0.43880      0.43970      0.46470
19800307      0.44950      0.44910      0.45660
19800314      0.45360      0.45270      0.45540
19800321      0.45680      0.45620      0.44320
19800328      0.45980      0.45950      0.43780
19800404      0.46720      0.46630      0.43730
19800411      0.45600      0.45530      0.43730
19800418      0.44880      0.44860      0.43730
19800425      0.43770      0.43790      0.42160
19800502      0.44180      0.44320      0.43150
19800509      0.43870      0.44100      0.42800
19800516      0.43760      0.43980      0.42900
19800523      0.42840      0.43160      0.42770
19800530      0.42900      0.43130      0.42420
19800606      0.42860      0.43140      0.41970
19800613      0.42630      0.42930      0.42170
19800620      0.42800      0.43100      0.41990
19800627      0.42630      0.42920      0.42190
19800704      0.42350      0.42630      0.42180
19800711      0.42110      0.42350      0.42060
19800718      0.42110      0.42360      0.42260
19800725      0.41730      0.41970      0.41890
19800801      0.42830      0.43070      0.41390
19800808      0.42230      0.42460      0.41640
19800815      0.42090      0.42310      0.41820
19800822      0.42270      0.42520      0.41590
19800829      0.41820      0.42010      0.41900
19800905      0.41370      0.41560      0.41820
19800912      0.41420      0.41610      0.41490
19800919      0.41950      0.42110      0.41030
19800926      0.41740      0.41860      0.40970
19801003      0.41880      0.41950      0.40870
19801010      0.41640      0.41740      0.41460
19801017      0.41380      0.41480      0.41810
19801024      0.40710      0.40800      0.42430
19801031      0.41000      0.41050      0.42720
19801107      0.41220      0.41170      0.42790
19801114      0.41440      0.41470      0.43140
19801121      0.42090      0.42050      0.42190
19801128      0.42350      0.42170      0.42090
19801205      0.42430      0.42190      0.41310
19801212      0.43240      0.42900      0.41860
19801219      0.43050      0.42760      0.41250
19801226      0.42190      0.41970      0.41570
19810102      0.42030      0.41770      0.42530
19810109      0.41620      0.41380      0.42770
19810116      0.41680      0.41440      0.43970
19810123      0.41560      0.41330      0.44840
19810130      0.41900      0.41760      0.45520
19810206      0.42810      0.42680      0.45740
19810213      0.43540      0.43400      0.44770
19810220      0.43270      0.43190      0.44110
19810227      0.45480      0.45340      0.44600
19810306      0.45710      0.45540      0.45370
19810313      0.45130      0.45010      0.46230
19810320      0.44090      0.43990      0.46050
19810327      0.44600      0.44510      0.46370
19810403      0.45240      0.45140      0.47350
19810410      0.45650      0.45510      0.47750
19810417      0.46460      0.46240      0.47810
19810424      0.46100      0.45940      0.48360
19810501      0.46710      0.46490      0.49700
19810508      0.47230      0.46880      0.50900
19810515      0.48130      0.47760      0.50000
19810522      0.48430      0.48080      0.50840
19810529      0.48300      0.48050      0.51500
19810605      0.51840      0.51550      0.52270
19810612      0.51260      0.50960      0.53810
19810619      0.50830      0.50520      0.54110
19810626      0.51510      0.51150      0.53660
19810703      0.52810      0.52450      0.55320
19810710      0.52830      0.52470      0.55950
19810717      0.53280      0.52960      0.54870
19810724      0.53980      0.53670      0.54450
19810731      0.53890      0.53610      0.54310
19810807      0.55840      0.55510      0.55990
19810814      0.55310      0.54990      0.54220
19810821      0.53520      0.53230      0.54670
19810828      0.54410      0.54190      0.55870
19810904      0.54200      0.53970      0.53690
19810911      0.55710      0.55510      0.53630
19810918      0.54570      0.54490      0.54470
19810925      0.55960      0.55890      0.55130
19811002      0.54610      0.54580      0.53210
19811009      0.52490      0.52490      0.53090
19811016      0.54440      0.54430      0.52830
19811023      0.55040      0.55040      0.52340
19811030      0.54190      0.54220      0.51350
19811106      0.53380      0.53420      0.51730
19811113      0.52490      0.52550      0.53300
19811120      0.52400      0.52500      0.53060
19811127      0.51280      0.51420      0.52660
19811204      0.51260      0.51350      0.52020
19811211      0.53220      0.53290      0.53300
19811218      0.53360      0.53450      0.53070
19811225      0.52830      0.52890      0.53320
19820101      0.52340      0.52410      0.53460
19820108      0.52220      0.52300      0.54040
19820115      0.53340      0.53400      0.54410
19820122      0.53470      0.53480      0.54680
19820129      0.53090      0.53090      0.55130
19820205      0.53530      0.53480      0.54380
19820212      0.54000      0.53920      0.55350
19820219      0.53790      0.53730      0.55550
19820226      0.55100      0.55060      0.56090
19820305      0.54350      0.54300      0.56810
19820312      0.55470      0.55400      0.56690
19820319      0.55520      0.55430      0.56440
19820326      0.55930      0.55840      0.56160
19820402      0.55820      0.55710      0.55360
19820409      0.57010      0.56880      0.54540
19820416      0.56940      0.56810      0.55470
19820423      0.56470      0.56380      0.55360
19820430      0.55880      0.55780      0.56100
19820507      0.54730      0.54630      0.56410
19820514      0.54950      0.54850      0.56900
19820521      0.56040      0.55960      0.58000
19820528      0.55800      0.55720      0.57540
19820604      0.55640      0.55570      0.58000
19820611      0.56320      0.56230      0.57730
19820618      0.57600      0.57450      0.57570
19820625      0.58160      0.58000      0.56960
19820702      0.57600      0.57450      0.57970
19820709      0.58070      0.57940      0.59000
19820716      0.58220      0.58120      0.57860
19820723      0.57240      0.57210      0.56640
19820730      0.57440      0.57400      0.58290
19820806      0.58510      0.58480      0.58040
19820813      0.58430      0.58400      0.58340
19820820      0.57350      0.57400      0.58300
19820827      0.57180      0.57200      0.59000
19820903      0.57540      0.57520      0.59200
19820910      0.58360      0.58330      0.58200
19820917      0.58510      0.58470      0.58650
19820924      0.58520      0.58490      0.59320
19821001      0.58930      0.58890      0.59520
19821008      0.58470      0.58440      0.60090
19821015      0.58700      0.58680      0.61600
19821022      0.58870      0.58850      0.62850
19821029      0.59800      0.59790      0.61290
19821105      0.59960      0.59930      0.61440
19821112      0.60490      0.60460      0.61880
19821119      0.61880      0.61920      0.62070
19821126      0.62500      0.62520      0.61640
19821203      0.61050      0.61080      0.61660
19821210      0.61810      0.61870      0.63370
19821217      0.61750      0.61810      0.63690
19821224      0.62230      0.62300      0.65150
19821231      0.61980      0.62030      0.65700
19830107      0.62420      0.62500      0.64840
19830114      0.63300      0.63410      0.65020
19830121      0.63460      0.63590      0.66030
19830128      0.65100      0.65210      0.65570
19830204      0.65900      0.65990      0.66060
19830211      0.64680      0.64800      0.66560
19830218      0.64720      0.64830      0.67570
19830225      0.65530      0.65670      0.68670
19830304      0.66020      0.66130      0.66050
19830311      0.66510      0.66620      0.64760
19830318      0.66900      0.66980      0.64370
19830325      0.68540      0.68610      0.63840
19830401      0.67520      0.67580      0.63360
19830408      0.66480      0.66520      0.63940
19830415      0.64810      0.64860      0.64360
19830422      0.64620      0.64680      0.63700
19830429      0.63980      0.64050      0.62790
19830506      0.63410      0.63480      0.63530
19830513      0.63870      0.63940      0.66140
19830520      0.64230      0.64300      0.65510
19830527      0.62340      0.62380      0.65350
19830603      0.63940      0.63980      0.65340
19830610      0.63250      0.63250      0.65210
19830617      0.65360      0.65370      0.65720
19830624      0.64640      0.64620      0.65560
19830701      0.65180      0.65170      0.67270
19830708      0.64900      0.64870      0.67340
19830715      0.65770      0.65740      0.66200
19830722      0.65600      0.65590      0.65700
19830729      0.65740      0.65710      0.67000
19830805      0.67520      0.67470      0.66960
19830812      0.67610      0.67570      0.67050
19830819      0.65800      0.65760      0.66420
19830826      0.66330      0.66310      0.66760
19830902      0.66900      0.66870      0.67290
19830909      0.66870      0.66840      0.66160
19830916      0.66700      0.66680      0.66680
19830923      0.66660      0.66640      0.66730
19830930      0.66850      0.66850      0.67390
19831007      0.66640      0.66630      0.67460
19831014      0.66890      0.66850      0.67290
19831021      0.66560      0.66530      0.68010
19831028      0.66850      0.66820      0.68650
19831104      0.67270      0.67240      0.69140
19831111      0.67290      0.67250      0.70260
19831118      0.67590      0.67550      0.70470
19831125      0.68460      0.68430      0.69860
19831202      0.68560      0.68510      0.70680
19831209      0.69640      0.69570      0.71370
19831216      0.70600      0.70500      0.71050
19831223      0.69920      0.69830      0.71020
19831230      0.68920      0.68870      0.70520
19840106      0.71040      0.70990      0.70580
19840113      0.71380      0.71340      0.69710
19840120      0.70500      0.70460      0.69040
19840127      0.71140      0.71100      0.68140
19840203      0.70160      0.70130      0.67240
19840210      0.70600      0.70560      0.68540
19840217      0.69230      0.69190      0.69590
19840224      0.68190      0.68140      0.69360
19840302      0.67480      0.67420      0.69990
19840309      0.68380      0.68310      0.69640
19840316      0.68890      0.68790      0.70490
19840323      0.69990      0.69870      0.70910
19840330      0.69440      0.69330      0.71640
19840406      0.70270      0.70140      0.72050
19840413      0.69830      0.69710      0.72150
19840420      0.70340      0.70200      0.71940
19840427      0.71250      0.71110      0.72310
19840504      0.70860      0.70740      0.71650
19840511      0.72300      0.72130      0.72180
19840518      0.72060      0.71920      0.72700
19840525      0.72180      0.72040      0.73830
19840601      0.71810      0.71700      0.74270
19840608      0.71590      0.71460      0.76370
19840615      0.72440      0.72290      0.75470
19840622      0.73340      0.73140      0.75820
19840629      0.73910      0.73710      0.76890
19840706      0.75390      0.75230      0.76630
19840713      0.75980      0.75990      0.75760
19840720      0.75510      0.75530      0.76270
19840727      0.76020      0.76060      0.76380
19840803      0.75730      0.75750      0.77900
19840810      0.75700      0.75640      0.78220
19840817      0.75590      0.75510      0.80690
19840824      0.76280      0.76210      0.81570
19840831      0.76230      0.76160      0.80130
19840907      0.78200      0.78100      0.81170
19840914      0.78770      0.78700      0.83220
19840921      0.82240      0.82180      0.83060
19840928      0.80100      0.80050      0.82170
19841005      0.80370      0.80330      0.78710
19841012      0.81600      0.81580      0.78880
19841019      0.83720      0.83740      0.80210
19841026      0.81900      0.81950      0.83630
19841102      0.79920      0.79960      0.82510
19841109      0.79490      0.79520      0.83580
19841116      0.79330      0.79350      0.84700
19841123      0.81720      0.81770      0.85140
19841130      0.83310      0.83360      0.87410
19841207      0.82950      0.82970      0.87680
19841214      0.84030      0.84080      0.89250
19841221      0.85540      0.85620      0.89820
19841228      0.85800      0.85870      0.88770
19850104      0.86730      0.86810      0.89950
19850111      0.88830      0.88980      0.91910
19850118      0.89090      0.89370      0.92040
19850125      0.89290      0.89580      0.95790
19850201      0.88690      0.88980      0.93410
19850208      0.89430      0.89750      0.92760
19850215      0.90580      0.90940      0.91450
19850222      0.92680      0.93050      0.85110
19850301      0.93330      0.93760      0.81670
19850308      0.94030      0.94410      0.82710
19850315      0.92680      0.93080      0.77970
19850322      0.84960      0.85300      0.81350
19850329      0.80520      0.80830      0.80350
19850405      0.83720      0.84020      0.83160
19850412      0.79780      0.80040      0.79010
19850419      0.77370      0.77630      0.78340
19850426      0.83190      0.83500      0.79650
19850503      0.82710      0.83020      0.78740
19850510      0.81170      0.81470      0.79180
19850517      0.79050      0.79350      0.76230
19850524      0.79150      0.79450      0.77730
19850531      0.78470      0.78790      0.76850
19850607      0.78490      0.78810      0.74050
19850614      0.78540      0.78850      0.71890
19850621      0.78430      0.78760      0.70670
19850628      0.77220      0.77540      0.70000
19850705      0.75840      0.76150      0.75410
19850712      0.72150      0.72410      0.72360
19850719      0.71210      0.71460      0.71990
19850726      0.71060      0.71320      0.71210
19850802      0.73050      0.73280      0.72670
19850809      0.73690      0.73900      0.75900
19850816      0.71380      0.71580      0.75080
19850823      0.71380      0.71620      0.70200
19850830      0.71430      0.71640      0.70520
19850906      0.74770      0.74990      0.70670
19850913      0.74710      0.74900      0.70820
19850920      0.73900      0.74090      0.69740
19850927      0.70970      0.71190      0.69300
19851004      0.69780      0.69990      0.69630
19851011      0.70820      0.71030      0.70150
19851018      0.70150      0.70360      0.69540
19851025      0.70220      0.70430      0.68630
19851101      0.69490      0.69690      0.67610
19851108      0.70600      0.70790      0.69490
19851115      0.70080      0.70250      0.69610
19851122      0.69130      0.69330      0.70050
19851129      0.67410      0.67590      0.69280
19851206      0.67700      0.67890      0.69250
19851213      0.69320      0.69520      0.69540
19851220      0.70300      0.70500      0.71070
19851227      0.69740      0.69920      0.71450
19860103      0.69200      0.69400      0.71940
19860110      0.68700      0.68970      0.70550
19860117      0.69610      0.69870      0.69160
19860124      0.71680      0.71970      0.67230
19860131      0.70750      0.70990      0.68170
19860207      0.71070      0.71330      0.68990
19860214      0.70500      0.70750      0.68560
19860221      0.69230      0.69470      0.66710
19860228      0.68100      0.68360      0.68120
19860307      0.68940      0.69220      0.68480
19860314      0.68190      0.68450      0.66780
19860321      0.66670      0.66890      0.65490
19860328      0.67480      0.67730      0.64600
19860404      0.68730      0.68960      0.65440
19860411      0.67650      0.67860      0.64680
19860418      0.65850      0.66050      0.65510
19860425      0.65300      0.65490      0.67070
19860502      0.65640      0.65850      0.67170
19860509      0.64910      0.65120      0.65300
19860516      0.65590      0.65770      0.66450
19860523      0.66960      0.67130      0.66130
19860530      0.67480      0.67640      0.64910
19860606      0.66420      0.66560      0.65180
19860613      0.65980      0.66120      0.66980
19860620      0.66580      0.66730      0.66960
19860627      0.65770      0.65930      0.66960
19860704      0.64660      0.64830      0.67480
19860711      0.65990      0.66170      0.67270
19860718      0.66870      0.67060      0.66520
19860725      0.67140      0.67320      0.67580
19860801      0.67070      0.67260      0.66890
19860808      0.67720      0.67920      0.67700
19860815      0.66870      0.67060      0.67840
19860822      0.66610      0.66840      0.69060
19860829      0.67640      0.67870      0.69180
19860905      0.66600      0.66820      0.69580
19860912      0.67570      0.67770      0.69980
19860919      0.67640      0.67840      0.69760
19860926      0.69580      0.69810      0.70700
19861003      0.69460      0.69720      0.70470
19861010      0.69980      0.70240      0.70550
19861017      0.69930      0.70250      0.70630
19861024      0.70670      0.70970      0.70570
19861031      0.71400      0.71690      0.69930
19861107      0.70080      0.70360      0.70230
19861114      0.70100      0.70370      0.69780
19861121      0.70650      0.70960      0.69400
19861128      0.69590      0.69860      0.68190
19861205      0.70080      0.70350      0.68100
19861212      0.70100      0.70370      0.67050
19861219      0.70270      0.70500      0.65870
19861226      0.68590      0.68770      0.64640
19870102      0.66930      0.67190      0.65720
19870109      0.67740      0.68010      0.65680
19870116      0.66420      0.66690      0.65730
19870123      0.65620      0.65890      0.64960
19870130      0.65340      0.65570      0.64750
19870206      0.66210      0.66450      0.63150
19870213      0.65980      0.66200      0.63380
19870220      0.65370      0.65600      0.62620
19870227      0.64700      0.64950      0.62400
19870306      0.63110      0.63340      0.62020
19870313      0.63370      0.63590      0.61410
19870320      0.62580      0.62750      0.61410
19870327      0.62250      0.62430      0.60200
19870403      0.62080      0.62250      0.59290
19870410      0.61560      0.61730      0.60090
19870417      0.61350      0.61500      0.59520
19870424      0.60660      0.60810      0.60570
19870501      0.59990      0.60110      0.60920
19870508      0.59520      0.59620      0.60010
19870515      0.59580      0.59650      0.61350
19870522      0.59490      0.59550      0.61980
19870529      0.61480      0.61560      0.62150
19870605      0.61180      0.61260      0.61730
19870612      0.60110      0.60190      0.61960
19870619      0.61360      0.61450      0.62460
19870626      0.61980      0.62070      0.62510
19870703      0.62000      0.62110      0.63390
19870710      0.61970      0.62080      0.63730
19870717      0.61600      0.61710      0.62250
19870724      0.62340      0.62450      0.62000
19870731      0.62740      0.62850      0.60750
19870807      0.63570      0.63730      0.60280
19870814      0.63370      0.63530      0.60840
19870821      0.61690      0.61840      0.61200
19870828      0.61480      0.61620      0.61560
19870904      0.60420      0.60550      0.60980
19870911      0.60680      0.60780      0.60830
19870918      0.60460      0.60570      0.59860
19870925      0.61050      0.61170      0.59350
19871002      0.61580      0.61690      0.57320
19871009      0.60550      0.60650      0.56570
19871016      0.60100      0.60180      0.56830
19871023      0.60300      0.60440      0.56310
19871030      0.58340      0.58440      0.55230
19871106      0.56210      0.56320      0.55660
19871113      0.56660      0.56760      0.54530
19871120      0.56010      0.56100      0.54660
19871127      0.55370      0.55420      0.53890
19871204      0.55190      0.55220      0.55370
19871211      0.54400      0.54400      0.54570
19871218      0.54460      0.54480      0.55830
19871225      0.54500      0.54500      0.56310
19880101      0.53400      0.53460      0.56670
19880108      0.55340      0.55420      0.56850
19880115      0.54780      0.54840      0.57210
19880122      0.56010      0.56080      0.56630
19880129      0.56430      0.56500      0.56550
19880205      0.56690      0.56780      0.55650
19880212      0.56980      0.57080      0.54010
19880219      0.57210      0.57290      0.54670
19880226      0.56470      0.56580      0.53730
19880304      0.56430      0.56530      0.53220
19880311      0.53920      0.54000      0.54240
19880318      0.54880      0.54970      0.52760
19880325      0.54620      0.54700      0.53480
19880401      0.52980      0.53040      0.53430
19880408      0.53360      0.53420      0.53130
19880415      0.53110      0.53150      0.53320
19880422      0.52950      0.52990      0.53450
19880429      0.53050      0.53090      0.54780
19880506      0.53580      0.53600      0.54930
19880513      0.52900      0.52930      0.56070
19880520      0.53610      0.53610      0.56390
19880527      0.53820      0.53810      0.58470
19880603      0.55530      0.55550      0.58880
19880610      0.54930      0.54950      0.59170
19880617      0.56180      0.56200      0.59350
19880624      0.57290      0.57340      0.58170
19880701      0.58740      0.58820      0.58500
19880708      0.58410      0.58510      0.59290
19880715      0.59440      0.59520      0.58750
19880722      0.57570      0.57680      0.59450
19880729      0.58450      0.58550      0.59520
19880805      0.58650      0.58760      0.58620
19880812      0.58480      0.58600      0.59170
19880819      0.58770      0.58890      0.59650
19880826      0.59150      0.59330      0.59400
19880902      0.59880      0.60060      0.59070
19880909      0.58820      0.58980      0.58190
19880916      0.59670      0.59830      0.57310
19880923      0.59990      0.60150      0.57190
19880930      0.59280      0.59440      0.56430
19881007      0.59010      0.59200      0.56100
19881014      0.57290      0.57450      0.55330
19881021      0.56810      0.56980      0.54790
19881028      0.56650      0.56810      0.54290
19881104      0.56200      0.56350      0.53540
19881111      0.55660      0.55800      0.54640
19881118      0.55190      0.55330      0.55370
19881125      0.54390      0.54570      0.55600
19881202      0.54010      0.54170      0.55110
19881209      0.54170      0.54320      0.56390
19881216      0.54990      0.55130      0.56750
19881223      0.55520      0.55680      0.56400
19881230      0.55190      0.55360      0.57170
19890106      0.55790      0.55960      0.57420
19890113      0.56410      0.56590      0.56500
19890120      0.56720      0.56900      0.57320
19890127      0.56560      0.56720      0.56960
19890203      0.57260      0.57420      0.58070
19890210      0.56400      0.56550      0.58060
19890217      0.56210      0.56350      0.58390
19890224      0.56930      0.57060      0.59350
19890303      0.58040      0.58180      0.58890
19890310      0.58020      0.58150      0.59140
19890317      0.58220      0.58360      0.58460
19890324      0.58110      0.58230      0.58930
19890331      0.59170      0.59290      0.59490
19890407      0.58740      0.58860      0.60160
19890414      0.59010      0.59140      0.60830
19890421      0.58210      0.58360      0.63370
19890428      0.59220      0.59370      0.63800
19890505      0.59670      0.59790      0.63360
19890512      0.60170      0.60300      0.65780
19890519      0.61690      0.61830      0.65190
19890526      0.62250      0.62450      0.64060
19890602      0.63130      0.63340      0.63800
19890609      0.64020      0.64230      0.61650
19890616      0.65490      0.65720      0.62420
19890623      0.64070      0.64280      0.61460
19890630      0.64560      0.64810      0.60750
19890707      0.61630      0.61850      0.61730
19890714      0.61670      0.61910      0.63470
19890721      0.61300      0.61550      0.63670
19890728      0.60390      0.60640      0.62990
19890804      0.61090      0.61350      0.64600
19890811      0.62700      0.62950      0.64450
19890818      0.64020      0.64270      0.63470
19890825      0.63770      0.64020      0.61800
19890901      0.63900      0.64160      0.62230
19890908      0.64600      0.64860      0.63800
19890915      0.64270      0.64520      0.63450
19890922      0.63290      0.63540      0.62770
19890929      0.61540      0.61820      0.63350
19891006      0.62370      0.62680      0.63030
19891013      0.64160      0.64510      0.63140
19891020      0.62810      0.63150      0.63630
19891027      0.63310      0.63670      0.64040
19891103      0.63660      0.63990      0.63950
19891110      0.63040      0.63360      0.62390
19891117      0.63530      0.63870      0.62320
19891124      0.63980      0.64320      0.61770
