m p y R
    1.718773871544    2.092641013357     .903019518493    4.380000000000
    1.856318241213    2.086574260675    1.013103823866    4.280000000000
    1.936512475518    2.120475812350    1.011481654118    4.920000000000
    1.984969583897    2.130231987296    1.055406571108    5.470000000000
    2.025828886183    2.145646550697    1.033152718840    4.200000000000
    2.132493232987    2.166460925592    1.110300195095    4.400000000000
    2.195428089084    2.186850881295    1.235220105533    5.680000000000
    2.228242288858    2.228186505353    1.243617481747    6.340000000000
    2.177124930782    2.226424390360    1.129233362741    4.370000000000
    2.216366788043    2.261089906460    1.257672657103    3.980000000000
    2.269883003714    2.286322531941    1.274864246326    5.010000000000
    2.308991937435    2.277982200024    1.291970623712    4.030000000000
    2.359812922171    2.320611605419    1.343539355005    4.740000000000
    2.367113556898    2.325415457732    1.389246014272    5.580000000000
    2.421697485034    2.339690085525    1.285821118827    4.790000000000
    2.564430920107    2.370700322267    1.315795011197    3.450000000000
    2.716863322271    2.492715272830    1.475856814295    3.420000000000
    2.877120515043    2.703895658086    1.449152189657    4.740000000000
    3.003487346242    2.843562457509    1.543238656920    5.870000000000
    3.124910068058    2.858671337934    1.583120206187    5.420000000000
    3.111308502524    2.990209179619    1.531891035947    7.370000000000
    2.996873278150    2.830152294861    1.488527134690    6.530000000000
    3.097825934091    2.779721441234    1.558068703720    4.420000000000
    3.102151446024    2.802780106985    1.698251636114    4.970000000000
    3.164065214965    2.789812344216    1.726302455309    3.900000000000
    3.230837224764    2.809693714770    1.749585658296    4.000000000000
    3.205683548335    2.814602904796    1.817923589940    4.230000000000
    3.217485170264    2.787802293288    1.827657847719    4.020000000000
    3.244126836420    2.794819865947    1.843084282724    4.840000000000
    3.244051179148    2.793820365614    1.904623077432    5.780000000000
    3.185151066333    2.747776427113    1.789383587521    3.550000000000
    3.055612745494    2.619466978469    1.698796332555    2.630000000000
    2.982038672432    2.496761131350    1.500541803381    2.720000000000
    2.953009202564    2.483210788518    1.465431339348    1.670000000000
    3.095019653200    2.546640236472    1.566798627553     .880000000000
    3.266421468224    2.533753460195    1.724049693434     .750000000000
    3.398601696884    2.574419800579    1.843672987624     .750000000000
    3.339760214654    2.583099334298    1.930959080201     .940000000000
    3.426631207995    2.578148829138    1.848603297899     .860000000000
    3.553224566151    2.570676814300    1.926093942760     .720000000000
    3.704948441118    2.581864003690    2.018275745697     .810000000000
    3.843908155477    2.658000642471    2.131855763405     .700000000000
    4.106245265933    2.780735126065    2.276417509776     .690000000000
    4.349712785481    2.904466885701    2.350274446993     .720000000000
    4.477431453996    2.976141922408    2.363659914324     .750000000000
    4.598443069212    3.019361041528    2.329062213917     .750000000000
    4.647820766540    3.028101661339    2.245169435698     .810000000000
    4.693156752469    3.105707126763    2.277181141236    1.058333333333
    4.697767797378    3.170735449540    2.314891015313    1.460833333333
    4.687475343750    3.163363114938    2.310691680527    1.464166666667
    4.713960099344    3.182211840497    2.396007411184    1.493333333333
    4.757602089988    3.225851438605    2.498550323254    2.207500000000
    4.806631851635    3.239658364051    2.536289721406    2.325000000000
    4.831215710968    3.256171609612    2.574683947608    2.499166666667
    4.846167333186    3.273364010152    2.555728655469    1.532500000000
    4.877650132275    3.305053521109    2.612629923494    2.312500000000
    4.889297159638    3.336658860525    2.629744255988    3.363333333333
    4.894674173693    3.371596911886    2.644316315624    3.803333333333
    4.906306438624    3.392829131992    2.632855666002    2.453333333333
    4.944732880317    3.419364685618    2.692379777345    4.099166666667
    4.943901773116    3.437207819185    2.713235021761    3.690000000000
    4.963368968295    3.446807892914    2.739555040068    2.980000000000
    4.987196062362    3.468856030136    2.794970712074    3.267500000000
    5.017224647654    3.485078865643    2.834789743437    3.610000000000
    5.055077394785    3.501796580218    2.888234333307    3.987500000000
    5.096762020639    3.527095548538    2.946409270905    4.430000000000
    5.141761017640    3.561046082604    3.004007597506    5.622500000000
    5.180378068683    3.588368272518    3.030337332606    5.100000000000
    5.247944700883    3.636928048482    3.070850738468    5.974166666667
    5.305623941730    3.690752698496    3.092006090312    8.013333333333
    5.343211060438    3.747148362238    3.084427570005    7.406666666667
    5.408217562248    3.801091444721    3.111800618366    5.023333333333
    5.476847020936    3.848017675452    3.159401926643    4.866666666667
    5.546673720334    3.912522880470    3.211331193700    8.390833333333
    5.595733162237    3.997282849379    3.199665859379    9.722500000000
    5.640043633689    4.088074949209    3.181976942480    6.148333333333
    5.694601569941    4.149858105485    3.230117094952    5.300833333333
    5.768529307429    4.212497899679    3.276914183830    5.782500000000
    5.847594176688    4.281169850862    3.329559169498    8.288333333333
    5.921176193990    4.365007629504    3.350305519053   11.107500000000
    5.981287940656    4.451727588745    3.343136748748   12.494166666667
    6.052344038403    4.542762725859    3.360011282664   14.610000000000
    6.116259975404    4.605170185988    3.326051691778   11.452500000000
    6.221269197295    4.647031640083    3.362372977725    8.980000000000
    6.289112420590    4.686289237273    3.432439285680   10.070833333333
    6.375294516563    4.718945200247    3.463516239026    7.961666666667
    6.502527642675    4.746235626267    3.489005710264    6.239166666667
    6.612533744973    4.778703236749    3.524696306461    6.937500000000
    6.654281377860    4.813809051099    3.568033951828    7.854166666667
    6.664058193512    4.858066695452    3.593344535410    8.707500000000
