Firm Year cost output pl sl pk sk pf sf
1  1955  .0820  2.0  2.090  .3164  183.000  .4521  17.9000  .2315
2  1955  .6610  3.0  2.050  .2073  174.000  .6676  35.1000  .1251
3  1955  .9900  4.0  2.050  .2349  171.000  .5799  35.1000  .1852
4  1955  .3150  4.0  1.830  .1152  166.000  .7857  32.2000  .0990
5  1955  .1970  5.0  2.120  .2300  233.000  .3841  28.6000  .3859
6  1955  .0980  9.0  2.120  .1881  195.000  .2926  28.6000  .5193
7  1955  .9490  11.0  1.980  .1584  206.000  .6093  35.5000  .2323
8  1955  .6750  13.0  2.050  .1880  150.000  .4952  35.1000  .3169
9  1955  .5250  13.0  2.190  .1852  155.000  .3651  29.1000  .4496
10  1955  .5010  22.0  1.720  .1845  188.000  .2491  15.0000  .5664
11  1955  1.1940  25.0  2.090  .1994  170.000  .5478  17.9000  .2528
12  1955  .6700  25.0  1.680  .1102  167.000  .6118  39.7000  .2780
13  1955  .3490  35.0  1.810  .1386  213.000  .3817  22.6000  .4797
14  1955  .4230  39.0  2.300  .1702  164.000  .4137  23.6000  .4161
15  1955  .5010  43.0  1.750  .1143  170.000  .3481  42.8000  .5376
16  1955  .5500  63.0  1.760  .0887  161.000  .5184  10.3000  .3929
17  1955  .7950  68.0  1.980  .1116  210.000  .3054  35.5000  .5830
18  1955  .6640  81.0  2.290  .1665  158.000  .3859  28.5000  .4476
19  1955  .7050  84.0  2.190  .1484  156.000  .3630  29.1000  .4883
20  1955  .9030  73.0  1.750  .0821  176.000  .2910  42.8000  .6269
21  1955  1.5040  99.0  2.200  .0906  170.000  .3947  36.2000  .5146
22  1955  1.6150  101.0  1.660  .1080  192.000  .3675  33.4000  .5245
23  1955  1.1270  119.0  1.920  .1980  164.000  .4164  22.5000  .3856
24  1955  .7180  120.0  1.770  .1648  175.000  .2664  21.3000  .5688
25  1955  2.4140  122.0  2.090  .2402  180.000  .4949  17.9000  .2649
26  1955  1.1300  130.0  1.820  .1171  176.000  .2779  38.9000  .6049
27  1955  .9920  138.0  1.800  .1304  202.000  .4011  20.2000  .4686
28  1955  1.5540  149.0  1.920  .0553  227.000  .4320  22.5000  .5127
29  1955  1.2250  196.0  1.920  .0722  186.000  .4550  29.1000  .4728
30  1955  1.5650  197.0  2.190  .0692  183.000  .4151  29.1000  .5157
31  1955  1.9360  209.0  1.920  .0801  169.000  .4858  22.5000  .4340
32  1955  3.1540  214.0  1.520  .1722  168.000  .4839  27.5000  .3439
33  1955  2.5990  220.0  1.920  .1500  164.000  .4886  22.5000  .3614
34  1955  3.2980  234.0  2.200  .1554  164.000  .4595  36.2000  .3851
35  1955  2.4410  235.0  2.110  .1905  170.000  .3797  24.4000  .4298
36  1955  2.0310  253.0  1.920  .1608  158.000  .1879  22.5000  .6513
37  1955  4.6660  279.0  2.050  .1689  177.000  .4548  35.1000  .3763
38  1955  1.8340  290.0  1.660  .1640  195.000  .4250  33.4000  .4110
39  1955  2.0720  290.0  1.800  .1156  176.000  .4768  20.2000  .4076
40  1955  2.0390  295.0  1.770  .1405  188.000  .3951  21.3000  .4644
41  1955  3.3980  299.0  1.700  .0896  187.000  .5786  26.9000  .3318
42  1955  3.0830  324.0  2.020  .1509  152.000  .0904  35.1000  .7587
43  1955  2.3440  333.0  2.190  .1161  157.000  .3626  29.1000  .5213
44  1955  2.3820  338.0  1.850  .0616  163.000  .4799  24.6000  .4585
45  1955  2.6570  353.0  2.190  .0809  143.000  .2829  29.1000  .6361
46  1955  1.7050  353.0  2.130  .0880  167.000  .6341  10.7000  .2780
47  1955  3.2300  416.0  1.540  .0839  217.000  .3623  26.2000  .5538
48  1955  5.0490  420.0  1.520  .1601  144.000  .3465  27.5000  .4934
49  1955  3.8140  456.0  2.090  .0883  178.000  .3349  30.0000  .5768
50  1955  4.5800  484.0  1.750  .1009  176.000  .2828  42.8000  .6163
51  1955  4.3580  516.0  2.300  .1515  167.000  .3981  23.6000  .4504
52  1955  4.7140  550.0  2.050  .0806  158.000  .2920  35.1000  .6275
53  1955  4.3570  563.0  2.320  .0703  162.000  .4024  31.9000  .5273
54  1955  3.9190  566.0  2.310  .0650  198.000  .3776  33.5000  .5574
55  1955  3.4420  592.0  1.920  .0915  164.000  .4564  22.5000  .4521
56  1955  4.8980  671.0  2.050  .1479  164.000  .3432  35.1000  .5089
57  1955  3.5840  696.0  1.760  .0702  161.000  .3709  10.3000  .5589
58  1955  5.5350  719.0  1.700  .0703  174.000  .4946  26.9000  .4351
59  1955  4.4060  742.0  2.040  .1516  157.000  .4633  20.7000  .3851
60  1955  4.2890  795.0  2.240  .0483  185.000  .3569  26.5000  .5949
61  1955  6.7310  800.0  1.700  .1170  157.000  .3396  26.9000  .5434
62  1955  6.8950  808.0  1.680  .0859  203.000  .4060  39.7000  .5081
63  1955  5.1120  811.0  2.290  .0847  178.000  .2884  28.5000  .6269
64  1955  5.1410  855.0  2.000  .1457  183.000  .4317  34.3000  .4226
65  1955  5.7200  860.0  2.310  .0597  168.000  .4528  33.5000  .4875
66  1955  4.6910  909.0  1.450  .0921  196.000  .4435  17.6000  .4644
67  1955  6.8320  913.0  1.700  .1250  166.000  .4028  26.9000  .4721
68  1955  4.8130  924.0  1.760  .1163  172.000  .5402  10.3000  .3436
69  1955  6.7540  984.0  1.700  .1083  158.000  .2435  26.9000  .6482
70  1955  5.1270  991.0  2.090  .0861  174.000  .4965  30.0000  .4174
71  1955  6.3880  1000.0  1.550  .0408  225.000  .3881  28.2000  .6667
72  1955  4.5090  1098.0  2.110  .0781  168.000  .4481  24.4000  .4738
73  1955  7.1850  1109.0  2.050  .0752  177.000  .2527  35.1000  .6721
74  1955  6.8000  1118.0  2.300  .1299  161.000  .3511  23.6000  .5311
75  1955  7.7430  1122.0  2.190  .0977  162.000  .3743  29.1000  .5279
76  1955  7.9680  1137.0  2.040  .0655  158.000  .4552  20.7000  .4793
77  1955  8.8580  1156.0  2.310  .1052  176.000  .3154  33.5000  .5794
78  1955  8.5880  1166.0  1.700  .1224  183.000  .4339  26.9000  .4436
79  1955  6.4490  1170.0  2.050  .0935  166.000  .2549  35.1000  .6516
80  1955  8.4880  1215.0  2.190  .0695  164.000  .4390  29.1000  .4915
81  1955  8.8770  1279.0  2.000  .0635  207.000  .3330  34.3000  .6034
82  1955  10.2740  1291.0  2.320  .0559  175.000  .8048  31.9000  .1393
83  1955  6.0240  1290.0  1.550  .0432  225.000  .3511  28.2000  .6057
84  1955  8.2580  1331.0  2.130  .0462  178.000  .4353  30.0000  .5185
85  1955  13.3760  1373.0  2.200  .1324  157.000  .3233  36.2000  .5443
86  1955  10.6900  1420.0  2.200  .0902  138.000  .3139  36.2000  .5959
87  1955  8.3080  1474.0  1.850  .0755  163.000  .4425  24.6000  .4819
88  1955  6.0820  1497.0  1.760  .0767  168.000  .5871  10.3000  .3362
89  1955  9.2840  1545.0  1.800  .0836  158.000  .4498  20.2000  .4665
90  1955  10.8790  1649.0  2.320  .0975  177.000  .3991  31.9000  .5035
91  1955  8.4770  1668.0  1.800  .0833  170.000  .4524  20.2000  .4643
92  1955  6.8770  1782.0  2.130  .0618  183.000  .6377  10.7000  .3005
93  1955  15.1060  1831.0  1.980  .1337  162.000  .3361  35.5000  .5302
94  1955  8.0310  1833.0  1.760  .0915  177.000  .6501  10.3000  .2584
95  1955  8.0820  1838.0  1.450  .0671  196.000  .4810  17.6000  .4519
96  1955  10.8660  1787.0  2.240  .1050  164.000  .4125  26.5000  .4824
97  1955  8.5960  1918.0  1.690  .0803  158.000  .5513  12.9000  .3684
98  1955  8.6730  1930.0  1.810  .0733  157.000  .3436  22.6000  .5831
99  1955  15.4370  2028.0  2.110  .0808  163.000  .3989  24.4000  .5204
100  1955  8.2110  2057.0  1.760  .1239  161.000  .6164  10.3000  .2597
101  1955  11.9820  2084.0  1.770  .0905  156.000  .4103  21.3000  .4992
102  1955  16.6740  2226.0  2.000  .0779  217.000  .3430  34.3000  .5791
103  1955  12.6200  2304.0  2.300  .0775  161.000  .4865  23.6000  .4360
104  1955  12.9050  2341.0  2.040  .0945  183.000  .4076  20.7000  .4980
105  1955  11.6150  2353.0  1.690  .1006  167.000  .5561  12.9000  .3433
106  1955  9.3210  2367.0  1.760  .0990  161.000  .5751  10.3000  .3259
107  1955  12.9620  2451.0  2.040  .0951  163.000  .3183  20.7000  .5866
108  1955  16.9320  2457.0  2.200  .0614  170.000  .3234  36.2000  .6152
109  1955  9.6480  2507.0  1.760  .0964  174.000  .5755  10.3000  .3281
110  1955  18.3500  2530.0  2.310  .0735  197.000  .4460  33.5000  .4805
111  1955  17.3330  2576.0  1.920  .1398  162.000  .4275  22.5000  .4327
112  1955  12.0150  2607.0  1.760  .1116  155.000  .5320  10.3000  .3564
113  1955  11.3200  2870.0  1.760  .1333  167.000  .5822  10.3000  .2845
114  1955  22.3370  2993.0  2.310  .0581  176.000  .4385  33.5000  .5034
115  1955  19.0350  3202.0  2.300  .0983  170.000  .4974  23.6000  .5034
116  1955  12.2050  3286.0  1.610  .0681  183.000  .4779  17.8000  .4540
117  1955  17.0780  3312.0  1.680  .0393  190.000  .3314  28.8000  .6294
118  1955  25.5280  3498.0  2.090  .1141  170.000  .3714  30.0000  .5145
119  1955  24.0210  3538.0  2.090  .0840  176.000  .3761  30.0000  .5399
120  1955  32.1970  3794.0  2.050  .0976  159.000  .4118  35.1000  .4906
121  1955  26.6520  3841.0  2.290  .1059  157.000  .3679  28.5000  .5262
122  1955  20.1640  4014.0  2.110  .0809  161.000  .5348  24.4000  .3843
123  1955  14.1320  4217.0  1.530  .0470  172.000  .5252  18.1000  .4278
124  1955  21.4100  4305.0  2.110  .0848  203.000  .8448  24.4000  .0703
125  1955  23.2440  4494.0  2.040  .0624  167.000  .5105  20.7000  .4271
126  1955  29.8450  4764.0  2.190  .1328  195.000  .3530  29.1000  .5143
127  1955  32.3180  5277.0  1.920  .0719  161.000  .3582  29.1000  .5699
128  1955  21.9880  5283.0  2.040  .0630  159.000  .4491  20.7000  .4879
129  1955  35.2290  5668.0  2.110  .0977  177.000  .5088  24.4000  .3936
130  1955  17.4670  5681.0  1.760  .0802  157.000  .5323  10.3000  .3875
131  1955  22.8280  5819.0  1.790  .0854  196.000  .3921  18.5000  .5226
132  1955  33.1540  6000.0  2.110  .1043  183.000  .4186  24.4000  .4771
133  1955  32.2280  6119.0  1.540  .0797  189.000  .3503  26.2000  .5700
134  1955  34.1680  6136.0  1.920  .0653  160.000  .6791  22.5000  .2556
135  1955  40.5940  7193.0  2.120  .0729  162.000  .3550  28.6000  .5721
136  1955  33.3540  7886.0  1.610  .0587  178.000  .5835  17.8000  .3578
137  1955  64.5420  8419.0  2.320  .1108  199.000  .3910  31.9000  .4982
138  1955  41.2380  8642.0  2.240  .0517  182.000  .3259  26.5000  .6224
139  1955  47.9930  8787.0  2.310  .0841  190.000  .3407  33.5000  .5753
140  1955  69.8780  9484.0  2.110  .0759  165.000  .4044  24.4000  .5198
141  1955  44.8940  9956.0  1.680  .0688  203.000  .2942  28.8000  .6370
142  1955  67.1200  11477.0  2.240  .0670  151.000  .3458  26.5000  .5872
143  1955  73.0500  11796.0  2.120  .1033  148.000  .3914  28.6000  .5054
144  1955  139.4220  14359.0  2.310  .1050  212.000  .4102  33.5000  .4848
145  1955  119.9390  16719.0  2.300  .0906  162.000  .4340  23.6000  .4754
166  1955  23.2200  3018.0  2.010  .1292  163.000  .3282  35.1000  .5425
167  1955  7.7970  874.0  2.050  .1084  155.000  .2123  35.1000  .6793
168  1955  1.6100  14.0  1.990  .1764  199.000  .6352  35.4000  .1884
169  1955  28.9960  4174.0  2.280  .1067  157.000  .3675  28.5500  .5258
170  1955  37.7670  6356.0  1.920  .0713  160.200  .6656  22.5000  .2631
171  1955  37.4960  8291.0  1.910  .0764  171.000  .5175  22.4300  .4060
172  1955  64.8880  13702.0  1.660  .0877  192.000  .3692  22.9000  .5431
174  1955  52.0830  8545.0  2.170  .0850  186.000  .5933  26.4000  .3217
175  1955  132.9010  19170.0  2.300  .0910  162.000  .4511  23.6000  .3217
176  1955  31.9800  4548.0  2.180  .0862  159.000  .3119  36.0000  .6020
177  1955  12.4830  2106.0  1.770  .0945  156.000  .3940  21.3000  .5115
178  1955  5.8170  895.0  2.270  .0924  174.360  .2975  28.5600  .6101
179  1955  12.0720  1787.0  2.110  .0595  178.000  .4036  30.0000  .5369
181  1955  9.3910  2050.0  1.800  .0803  157.980  .3377  22.5000  .5820
