x1 x2 x3
 0.000000   0.000000  -1.000000
 0.456062   0.020799  -0.543938
 0.866133   0.075019  -0.133867
 1.020257   0.104092   0.020257
 1.291479   0.166792   0.291479
 1.325573   0.175714   0.325573
 1.432270   0.205140   0.432270
 1.439137   0.207112   0.439137
 1.493672   0.223105   0.493672
 1.602571   0.256823   0.602571
 1.627096   0.264744   0.627096
 1.652320   0.273016   0.652320
 1.655325   0.274010   0.655325
 1.706041   0.291057   0.706041
 1.750219   0.306327   0.750219
 1.800164   0.324059   0.800164
 1.843013   0.339670   0.843013
 1.853450   0.343528   0.853450
 1.866309   0.348311   0.866309
 1.897962   0.360226   0.897962
 1.933689   0.373915   0.933689
 1.950669   0.380511   0.950669
 1.978159   0.391311   0.978159
 1.979063   0.391669   0.979063
 2.007849   0.403146   1.007849
 2.042008   0.416980   1.042008
 2.075319   0.430695   1.075319
 2.079965   0.432626   1.079965
 2.160137   0.466619   1.160137
 2.183210   0.476641   1.183210
 2.191658   0.480336   1.191658
 2.199280   0.483683   1.199280
 2.206061   0.486671   1.206061
 2.218445   0.492150   1.218445
 2.224715   0.494936   1.224715
 2.232442   0.498380   1.232442
 2.245768   0.504347   1.245768
 2.248348   0.505507   1.248348
 2.261619   0.511492   1.261619
 2.262526   0.511902   1.262526
 2.298946   0.528515   1.298946
 2.308271   0.532811   1.308271
 2.322620   0.539456   1.322620
 2.325688   0.540882   1.325688
 2.363184   0.558464   1.363184
 2.375171   0.564144   1.375171
 2.386535   0.569555   1.386535
 2.479451   0.614768   1.479451
 2.498003   0.624002   1.498003
 2.533313   0.641767   1.533313
 2.537141   0.643708   1.537141
 2.544645   0.647522   1.544645
 2.565164   0.658007   1.565164
 2.578792   0.665017   1.578792
 2.626277   0.689733   1.626277
 2.628063   0.690672   1.628063
 2.645338   0.699781   1.645338
 2.657523   0.706243   1.657523
 2.684537   0.720674   1.684537
 2.684820   0.720826   1.684820
 2.697381   0.727587   1.697381
 2.715015   0.737131   1.715015
 2.754979   0.758991   1.754979
 2.761759   0.762731   1.761759
 2.783265   0.774656   1.783265
 2.842655   0.808068   1.842655
 2.856622   0.816029   1.856622
 2.859474   0.817659   1.859474
 2.866218   0.821520   1.866218
 2.870774   0.824134   1.870774
 2.885908   0.832847   1.885908
 2.885994   0.832896   1.885994
 2.924706   0.855391   1.924706
 2.979876   0.887966   1.979876
 2.991233   0.894748   1.991233
 3.012032   0.907234   2.012032
 3.015040   0.909047   2.015040
 3.040348   0.924372   2.040348
 3.058288   0.935313   2.058288
 3.077544   0.947128   2.077544
 3.089287   0.954369   2.089287
 3.090591   0.955175   2.090591
 3.090596   0.955178   2.090596
 3.124831   0.976457   2.124831
 3.146399   0.989983   2.146399
 3.157846   0.997199   2.157846
 3.171805   1.006034   2.171805
 3.178566   1.010328   2.178566
 3.193180   1.019640   2.193180
 3.207726   1.028951   2.207726
 3.208090   1.029184   2.208090
 3.229064   1.042686   2.229064
 3.250562   1.056616   2.250562
 3.250822   1.056784   2.250822
 3.251306   1.057099   2.251306
 3.259938   1.062720   2.259938
 3.283717   1.078280   2.283717
 3.317808   1.100785   2.317808
 3.334400   1.111822   2.334400
 3.353623   1.124679   2.353623
 3.384458   1.145455   2.384458
 3.385547   1.146193   2.385547
 3.439648   1.183118   2.439648
 3.442962   1.185399   2.442962
 3.500408   1.225285   2.500408
 3.550830   1.260839   2.550830
 3.572344   1.276164   2.572344
 3.575062   1.278107   2.575062
 3.582495   1.283427   2.582495
 3.624701   1.313846   2.624701
 3.657778   1.337934   2.657778
 3.665890   1.343875   2.665890
 3.666900   1.344615   2.666900
 3.673888   1.349746   2.673888
 3.679905   1.354170   2.679905
 3.732700   1.393305   2.732700
 3.756251   1.410943   2.756251
 3.759998   1.413759   2.759998
 3.769929   1.421236   2.769929
 3.770522   1.421684   2.770522
 3.794640   1.439930   2.794640
 3.819569   1.458911   2.819569
 3.842155   1.476216   2.842155
 3.861394   1.491036   2.861394
 3.880194   1.505590   2.880194
 3.904778   1.524729   2.904778
 3.936516   1.549616   2.936516
 3.949430   1.559800   2.949430
 4.001981   1.601585   3.001981
 4.009888   1.607920   3.009888
 4.023737   1.619046   3.023737
 4.032194   1.625859   3.032194
 4.076941   1.662145   3.076941
 4.078100   1.663090   3.078100
 4.083736   1.667690   3.083736
 4.100085   1.681069   3.100085
 4.107022   1.686763   3.107022
 4.107257   1.686956   3.107257
 4.111439   1.690393   3.111439
 4.115924   1.694083   3.115924
 4.126601   1.702884   3.126601
 4.131971   1.707319   3.131971
 4.137621   1.711991   3.137621
 4.145678   1.718665   3.145678
 4.193106   1.758213   3.193106
 4.239455   1.797298   3.239455
 4.242753   1.800096   3.242753
 4.254969   1.810476   3.254969
 4.262864   1.817201   3.262864
 4.274841   1.827427   3.274841
 4.288334   1.838981   3.288334
 4.307998   1.855885   3.307998
 4.314349   1.861361   3.314349
 4.323030   1.868859   3.323030
 4.335303   1.879485   3.335303
 4.372041   1.911474   3.372041
 4.388160   1.925595   3.388160
 4.396403   1.932836   3.396403
 4.423500   1.956736   3.423500
 4.431990   1.964254   3.431990
 4.435987   1.967798   3.435987
 4.508928   2.033043   3.508928
 4.514585   2.038147   3.514585
 4.554548   2.074391   3.554548
 4.557226   2.076831   3.557226
 4.608289   2.123632   3.608289
 4.650030   2.162278   3.650030
 4.659285   2.170894   3.659285
 4.682522   2.192601   3.682522
 4.687328   2.197104   3.687328
 4.690322   2.199912   3.690322
 4.695449   2.204724   3.695449
 4.762486   2.268127   3.762486
 4.781176   2.285964   3.781176
 4.793632   2.297891   3.793632
 4.809361   2.312995   3.809361
 4.809766   2.313385   3.809766
 4.813235   2.316724   3.813235
 4.817768   2.321089   3.817768
 4.836557   2.339228   3.836557
 4.845357   2.347748   3.845357
 4.879972   2.381412   3.879972
 4.941670   2.442010   3.941670
 4.950931   2.451172   3.950931
 4.955219   2.455419   3.955219
 4.996062   2.496064   3.996062
 5.004246   2.504247   4.004246
 5.025325   2.525389   4.025325
 5.058552   2.558895   4.058552
 5.119056   2.620474   4.119056
 5.137061   2.638939   4.137061
 5.166561   2.669335   4.166561
 5.207600   2.711909   4.207600
 5.222598   2.727553   4.222598
 5.243324   2.749245   4.243324
 5.280158   2.788007   4.280158
 5.288119   2.796421   4.288119
 5.292370   2.800918   4.292370
 5.293294   2.801896   4.293294
 5.313204   2.823013   4.313204
 5.342543   2.854277   4.342543
 5.360106   2.873074   4.360106
 5.368013   2.881556   4.368013
 5.369891   2.883573   4.369891
 5.375047   2.889113   4.375047
 5.400781   2.916843   4.400781
 5.435951   2.954957   4.435951
 5.460691   2.981915   4.460691
 5.516227   3.042876   4.516227
 5.523339   3.050727   4.523339
 5.544390   3.074026   4.544390
 5.580325   3.114003   4.580325
 5.648777   3.190869   4.648777
 5.669156   3.213933   4.669156
 5.709177   3.259470   4.709177
 5.747179   3.303007   4.747179
 5.784171   3.345663   4.784171
 5.934786   3.522169   4.934786
 5.952849   3.543641   4.952849
 5.990589   3.588715   4.990589
 5.991027   3.589240   4.991027
 6.001022   3.601226   5.001022
 6.046972   3.656587   5.046972
 6.051737   3.662352   5.051737
 6.063811   3.676980   5.063811
 6.111855   3.735477   5.111855
 6.133721   3.762253   5.133721
 6.142401   3.772909   5.142401
 6.147083   3.778663   5.147083
 6.208324   3.854329   5.208324
 6.248835   3.904793   5.248835
 6.292447   3.959489   5.292447
 6.299014   3.967757   5.299014
 6.311319   3.983275   5.311319
 6.322721   3.997680   5.322721
 6.331541   4.008841   5.331541
 6.342197   4.022346   5.342197
 6.361131   4.046399   5.361131
 6.362643   4.048322   5.362643
 6.372784   4.061238   5.372784
 6.428005   4.131925   5.428005
 6.440964   4.148602   5.440964
 6.478022   4.196477   5.478022
 6.528494   4.262124   5.528494
 6.541527   4.279158   5.541527
 6.552429   4.293433   5.552429
 6.570549   4.317211   5.570549
 6.591324   4.344555   5.591324
 6.594858   4.349215   5.594858
 6.597179   4.352277   5.597179
 6.631526   4.397714   5.631526
 6.659675   4.435128   5.659675
 6.668340   4.446675   5.668340
 6.696542   4.484368   5.696542
 6.710075   4.502510   5.710075
 6.727856   4.526405   5.727856
 6.730655   4.530172   5.730655
 6.736383   4.537886   5.736383
 6.744183   4.548400   5.744183
 6.744780   4.549206   5.744780
 6.798325   4.621722   5.798325
 6.819777   4.650936   5.819777
 6.867417   4.716142   5.867417
 6.875455   4.727189   5.875455
 6.884950   4.740254   5.884950
 6.888021   4.744484   5.888021
 6.888333   4.744914   5.888333
 6.892631   4.750836   5.892631
 6.906653   4.770186   5.906653
 6.923631   4.793666   5.923631
 6.943102   4.820666   5.943102
 6.965784   4.852215   5.965784
 6.975518   4.865785   5.975518
 7.021523   4.930178   6.021059
 7.023346   4.932739   6.022801
 7.049704   4.969833   6.047234
 7.050901   4.971521   6.048310
 7.093135   5.031257   6.084461
 7.105309   5.048541   6.094219
 7.105509   5.048826   6.094377
 7.106988   5.050927   6.095541
 7.122491   5.072988   6.107487
 7.159992   5.126548   6.134394
 7.173776   5.146306   6.143578
 7.203348   5.188822   6.161997
 7.214053   5.204256   6.168234
 7.214304   5.204619   6.168378
 7.226968   5.222906   6.175453
 7.228761   5.225499   6.176429
 7.245490   5.249712   6.185224
 7.251603   5.258575   6.188299
 7.274885   5.292396   6.199323
 7.278041   5.296989   6.200734
 7.281291   5.301720   6.202167
 7.286350   5.309090   6.204354
 7.296709   5.324197   6.208673
 7.298510   5.326825   6.209402
 7.318437   5.355952   6.217035
 7.330688   5.373899   6.221334
 7.346413   5.396979   6.226411
 7.354357   5.408657   6.228788
 7.362770   5.421038   6.231168
 7.375629   5.439990   6.234532
 7.377963   5.443433   6.235107
 7.380292   5.446871   6.235670
 7.381678   5.448916   6.236000
 7.384836   5.453581   6.236737
 7.427133   5.516231   6.244690
 7.438189   5.532665   6.246179
 7.440422   5.535987   6.246450
 7.441305   5.537301   6.246555
 7.454153   5.556439   6.247898
 7.455126   5.557890   6.247986
 7.455350   5.558224   6.248006
 7.483368   5.600080   6.249723
 7.523368   5.660106   6.249454
 7.544977   5.692668   6.247977
 7.576697   5.740634   6.244118
 7.582502   5.749434   6.243193
 7.589119   5.759473   6.242058
 7.589426   5.759938   6.242003
 7.633323   5.826762   6.232225
 7.644547   5.843910   6.229106
 7.660863   5.868883   6.224123
 7.731473   5.977568   6.196420
 7.733191   5.980224   6.195622
 7.746080   6.000176   6.189445
 7.747057   6.001689   6.188963
 7.786333   6.062698   6.168014
 7.789878   6.068220   6.165971
 7.813475   6.105040   6.151733
 7.834727   6.138295   6.137958
 7.840432   6.147237   6.134106
 7.851142   6.164042   6.126700
 7.873661   6.199454   6.110377
 7.874966   6.201509   6.109400
 7.893311   6.230435   6.095307
 7.907672   6.253128   6.083803
 7.918521   6.270297   6.074841
 7.948808   6.318356   6.048571
 7.953505   6.325824   6.044333
 7.971130   6.353892   6.028036
 7.980306   6.368528   6.019306
 8.010101   6.416171   5.989797
 8.020801   6.433325   5.978766
 8.042226   6.467740   5.955991
 8.045370   6.472797   5.952572
 8.047009   6.475436   5.950781
 8.057653   6.492577   5.939023
 8.060709   6.497503   5.935605
 8.063520   6.502036   5.932445
 8.070694   6.513610   5.924308
 8.095697   6.554031   5.895145
 8.189425   6.706668   5.774693
 8.191666   6.710340   5.771598
 8.223328   6.762312   5.726797
 8.296332   6.882912   5.615855
 8.334041   6.945624   5.554375
 8.375699   7.015234   5.483150
 8.413179   7.078158   5.416104
 8.439350   7.122263   5.367621
 8.441326   7.125599   5.363905
 8.471645   7.176877   5.305906
 8.477761   7.187243   5.293983
 8.490463   7.208796   5.268983
 8.497988   7.221580   5.254020
 8.528086   7.272824   5.193040
 8.536114   7.286524   5.176468
 8.547032   7.305176   5.153723
 8.558180   7.324245   5.130255
 8.564214   7.334577   5.117448
 8.592104   7.382426   5.057308
 8.671086   7.518772   4.878559
 8.725049   7.612647   4.749256
 8.781447   7.711381   4.607893
 8.786992   7.721123   4.593652
 8.837681   7.810460   4.460610
 8.882138   7.889238   4.339694
 8.918223   7.953470   4.238643
 8.936691   7.986444   4.185919
 8.939636   7.991709   4.177448
 8.957279   8.023286   4.126336
 8.988729   8.079725   4.033686
 8.995908   8.092635   4.012261
 9.012482   8.122482   3.962400
 9.067744   8.222397   3.792180
 9.158654   8.388095   3.498866
 9.173424   8.415170   3.449653
 9.239344   8.536547   3.224684
 9.256943   8.569099   3.163152
 9.299618   8.648289   3.011376
 9.314262   8.675548   2.958452
 9.412028   8.858627   2.594150
 9.507762   9.039755   2.218890
 9.541099   9.103256   2.083916
 9.668568   9.348121   1.547313
 9.713397   9.435008   1.350874
 9.843102   9.688666   0.759873
 9.873677   9.748950   0.615656
10.000000  10.000000   0.000000
