ID year quarter hs hssa q1 q2 q3
  1 1960 1   7.98933   0.00000   1.0   0.0   0.0
  2 1960 2   8.83961   0.00000   0.0   1.0   0.0
  3 1960 3   8.94841   0.00000   0.0   0.0   1.0
  4 1960 4   8.98907   0.00000  -1.0  -1.0  -1.0
  5 1961 1   8.39087   0.00000   1.0   0.0   0.0
  6 1961 2   9.09204   0.00000   0.0   1.0   0.0
  7 1961 3   9.12005   0.00000   0.0   0.0   1.0
  8 1961 4   9.04617   0.00000  -1.0  -1.0  -1.0
  9 1962 1   8.41013   0.00000   1.0   0.0   0.0
 10 1962 2   9.22375   0.00000   0.0   1.0   0.0
 11 1962 3   9.21443   0.00000   0.0   0.0   1.0
 12 1962 4   9.14145   0.00000  -1.0  -1.0  -1.0
 13 1963 1   8.45105   0.00000   1.0   0.0   0.0
 14 1963 2   9.27685   0.00000   0.0   1.0   0.0
 15 1963 3   9.33756   0.00000   0.0   0.0   1.0
 16 1963 4   9.45561   0.00000  -1.0  -1.0  -1.0
 17 1964 1   8.77976   0.00000   1.0   0.0   0.0
 18 1964 2   9.27263   0.00000   0.0   1.0   0.0
 19 1964 3   9.41833   0.00000   0.0   0.0   1.0
 20 1964 4   9.62011   0.00000  -1.0  -1.0  -1.0
 21 1965 1   8.75794   0.00000   1.0   0.0   0.0
 22 1965 2   9.43931   0.00000   0.0   1.0   0.0
 23 1965 3   9.48390   0.00000   0.0   0.0   1.0
 24 1965 4   9.47211   0.00000  -1.0  -1.0  -1.0
 25 1966 1   8.79664   9.27878   1.0   0.0   0.0
 26 1966 2   9.11291   8.91036   0.0   1.0   0.0
 27 1966 3   9.16440   9.04028   0.0   0.0   1.0
 28 1966 4   9.29422   9.16517  -1.0  -1.0  -1.0
 29 1967 1   8.48501   9.02635   1.0   0.0   0.0
 30 1967 2   9.54072   9.39636   0.0   1.0   0.0
 31 1967 3   9.54173   9.46110   0.0   0.0   1.0
 32 1967 4   9.32963   9.28318  -1.0  -1.0  -1.0
 33 1968 1   8.94546   9.45438   1.0   0.0   0.0
 34 1968 2   9.65637   9.51024   0.0   1.0   0.0
 35 1968 3   9.53218   9.41622   0.0   0.0   1.0
 36 1968 4   9.74087   9.65592  -1.0  -1.0  -1.0
 37 1969 1   9.33424   9.81450   1.0   0.0   0.0
 38 1969 2   9.74377   9.58554   0.0   1.0   0.0
 39 1969 3   9.62086   9.44651   0.0   0.0   1.0
 40 1969 4   9.48319   9.30565  -1.0  -1.0  -1.0
 41 1970 1   8.77168   9.23585   1.0   0.0   0.0
 42 1970 2   9.20780   9.13058   0.0   1.0   0.0
 43 1970 3   9.55310   9.47121   0.0   0.0   1.0
 44 1970 4   9.89450   9.79333  -1.0  -1.0  -1.0
 45 1971 1   8.98494   9.45001   1.0   0.0   0.0
 46 1971 2   9.72167   9.65538   0.0   1.0   0.0
 47 1971 3   9.79269   9.67808   0.0   0.0   1.0
 48 1971 4   9.78452   9.68191  -1.0  -1.0  -1.0
 49 1972 1   9.32732   9.77723   1.0   0.0   0.0
 50 1972 2   9.87133   9.76534   0.0   1.0   0.0
 51 1972 3   9.89598   9.76884   0.0   0.0   1.0
 52 1972 4   9.82695   9.71229  -1.0  -1.0  -1.0
 53 1973 1   9.31671   9.77707   1.0   0.0   0.0
 54 1973 2   9.88422   9.77881   0.0   1.0   0.0
 55 1973 3   9.93495   9.80413   0.0   0.0   1.0
 56 1973 4   9.85924   9.74537  -1.0  -1.0  -1.0
 57 1974 1   9.38782   9.80290   1.0   0.0   0.0
 58 1974 2   9.81992   9.65787   0.0   1.0   0.0
 59 1974 3   9.60643   9.45394   0.0   0.0   1.0
 60 1974 4   9.33082   9.20672  -1.0  -1.0  -1.0
 61 1975 1   8.71970   9.21726   1.0   0.0   0.0
 62 1975 2   9.64702   9.55117   0.0   1.0   0.0
 63 1975 3   9.81971   9.75250   0.0   0.0   1.0
 64 1975 4   9.93424   9.87231  -1.0  -1.0  -1.0
 65 1976 1   9.41461   9.83747   1.0   0.0   0.0
 66 1976 2   9.94131   9.81890   0.0   1.0   0.0
 67 1976 3   9.83033   9.70402   0.0   0.0   1.0
 68 1976 4   9.81435   9.69841  -1.0  -1.0  -1.0
 69 1977 1   9.21837   9.63670   1.0   0.0   0.0
 70 1977 2   9.85179   9.76964   0.0   1.0   0.0
 71 1977 3   9.85837   9.77676   0.0   0.0   1.0
 72 1977 4   9.82785   9.70147  -1.0  -1.0  -1.0
 73 1978 1   9.51044   9.84956   1.0   0.0   0.0
 74 1978 2   9.62183   9.50405   0.0   1.0   0.0
 75 1978 3   9.66669   9.52819   0.0   0.0   1.0
 76 1978 4   9.62811   9.50549  -1.0  -1.0  -1.0
 77 1979 1   9.07376   9.43615   1.0   0.0   0.0
 78 1979 2   9.52627   9.41328   0.0   1.0   0.0
 79 1979 3   9.51131   9.41373   0.0   0.0   1.0
 80 1979 4   9.59028   9.51147  -1.0  -1.0  -1.0
 81 1980 1   8.94841   9.23936   1.0   0.0   0.0
 82 1980 2   9.23204   9.11021   0.0   1.0   0.0
 83 1980 3   9.33353   9.26256   0.0   0.0   1.0
 84 1980 4   9.42907   9.37326  -1.0  -1.0  -1.0
 85 1981 1   8.92435   9.27774   1.0   0.0   0.0
 86 1981 2   9.68676   9.56373   0.0   1.0   0.0
 87 1981 3   9.49022   9.44123   0.0   0.0   1.0
 88 1981 4   9.27191   9.20978  -1.0  -1.0  -1.0
 89 1982 1   9.07742   9.27800   1.0   0.0   0.0
 90 1982 2   9.09152   8.93882   0.0   1.0   0.0
 91 1982 3   8.85756   8.80070   0.0   0.0   1.0
 92 1982 4   9.23682   9.20978  -1.0  -1.0  -1.0
 93 1983 1   8.96946   9.36639   1.0   0.0   0.0
 94 1983 2   9.74730   9.53403   0.0   1.0   0.0
 95 1983 3   9.19638   9.16430   0.0   0.0   1.0
 96 1983 4   9.20100   9.17010  -1.0  -1.0  -1.0
 97 1984 1   8.87905   9.22441   1.0   0.0   0.0
 98 1984 2   9.29149   9.06499   0.0   1.0   0.0
 99 1984 3   9.22674   9.17874   0.0   0.0   1.0
100 1984 4   9.07879   9.05499  -1.0  -1.0  -1.0
101 1985 1   8.85371   9.21533   1.0   0.0   0.0
102 1985 2   9.48976   9.29932   0.0   1.0   0.0
103 1985 3   9.45644   9.39659   0.0   0.0   1.0
104 1985 4   9.50711   9.50673  -1.0  -1.0  -1.0
105 1986 1   9.06678   9.45263   1.0   0.0   0.0
106 1986 2   9.76025   9.56119   0.0   1.0   0.0
107 1986 3   9.66453   9.59579   0.0   0.0   1.0
108 1986 4   9.62982   9.63142  -1.0  -1.0  -1.0
109 1987 1   9.45355   9.81024   1.0   0.0   0.0
110 1987 2  10.02330   9.82192   0.0   1.0   0.0
111 1987 3   9.91106   9.83895   0.0   0.0   1.0
112 1987 4   9.70070   9.70470  -1.0  -1.0  -1.0
113 1988 1   9.28863   9.63996   1.0   0.0   0.0
114 1988 2   9.88458   9.68554   0.0   1.0   0.0
115 1988 3   9.74936   9.66689   0.0   0.0   1.0
116 1988 4   9.65686   9.67826  -1.0  -1.0  -1.0
117 1989 1   9.38154   9.72698   1.0   0.0   0.0
118 1989 2   9.80212   9.58075   0.0   1.0   0.0
119 1989 3   9.68537   9.58420   0.0   0.0   1.0
120 1989 4   9.62163   9.63633  -1.0  -1.0  -1.0
121 1990 1   9.39831   9.72549   1.0   0.0   0.0
122 1990 2   9.75700   9.53303   0.0   1.0   0.0
123 1990 3   9.36826   9.27253   0.0   0.0   1.0
124 1990 4   9.12187   9.11481  -1.0  -1.0  -1.0
125 1991 1   8.55282   8.94173   1.0   0.0   0.0
126 1991 2   9.46640   9.26625   0.0   1.0   0.0
127 1991 3   9.47698   9.42029   0.0   0.0   1.0
128 1991 4   9.40996   9.45372  -1.0  -1.0  -1.0
129 1992 1   8.95299   9.34526   1.0   0.0   0.0
130 1992 2   9.59927   9.39728   0.0   1.0   0.0
131 1992 3   9.46392   9.35131   0.0   0.0   1.0
132 1992 4   9.33586   9.35203  -1.0  -1.0  -1.0
133 1993 1   8.84304   9.25701   1.0   0.0   0.0
134 1993 2   9.48154   9.26283   0.0   1.0   0.0
135 1993 3   9.39041   9.29626   0.0   0.0   1.0
136 1993 4   9.33388   9.34307  -1.0  -1.0  -1.0
137 1994 1   8.84029   9.25595   1.0   0.0   0.0
138 1994 2   9.55185   9.34914   0.0   1.0   0.0
139 1994 3   9.37407   9.28447   0.0   0.0   1.0
140 1994 4   9.17906   9.17988  -1.0  -1.0  -1.0
141 1995 1   8.63498   9.08692   1.0   0.0   0.0
142 1995 2   9.09193   8.88837   0.0   1.0   0.0
143 1995 3   8.98369   8.85881   0.0   0.0   1.0
144 1995 4   8.90404   8.89373  -1.0  -1.0  -1.0
145 1996 1   8.43822   8.87019   1.0   0.0   0.0
146 1996 2   9.24975   9.04389   0.0   1.0   0.0
147 1996 3   9.21207   9.08345   0.0   0.0   1.0
148 1996 4   9.09324   9.10529  -1.0  -1.0  -1.0
149 1997 1   8.80297   9.25462   1.0   0.0   0.0
150 1997 2   9.42889   9.22276   0.0   1.0   0.0
151 1997 3   9.35262   9.24205   0.0   0.0   1.0
152 1997 4   9.25417   9.25462  -1.0  -1.0  -1.0
153 1998 1   8.86733   9.25383   1.0   0.0   0.0
154 1998 2   9.37656   9.17874   0.0   1.0   0.0
155 1998 3   9.24503   9.13837   0.0   0.0   1.0
156 1998 4   9.17713   9.18701  -1.0  -1.0  -1.0
157 1999 1   8.84626   9.22960   1.0   0.0   0.0
158 1999 2   9.44296   9.25754   0.0   1.0   0.0
159 1999 3   9.36823   9.25754   0.0   0.0   1.0
160 1999 4   9.31380   9.30993  -1.0  -1.0  -1.0
161 2000 1   8.95635   9.32119   1.0   0.0   0.0
162 2000 2   9.41121   9.23503   0.0   1.0   0.0
163 2000 3   9.42392   9.34623   0.0   0.0   1.0
164 2000 4   9.33444   9.31969  -1.0  -1.0  -1.0
165 2001 1   9.02091   9.36211   1.0   0.0   0.0
166 2001 2   9.54631   9.38849   0.0   1.0   0.0
167 2001 3   9.43065   9.34502   0.0   0.0   1.0
168 2001 4   9.44894   9.44277  -1.0  -1.0  -1.0
