ID year month rff rt1 rt3 rt10
  1 1955 1    1.39    1.39    1.99    2.61
  2 1955 2    1.29    1.57    2.12    2.65 
  3 1955 3    1.35    1.59    2.26    2.68 
  4 1955 4    1.43    1.75    2.37    2.75 
  5 1955 5    1.43    1.90    2.37    2.76 
  6 1955 6    1.64    1.91    2.39    2.78 
  7 1955 7    1.68    2.02    2.51    2.90 
  8 1955 8    1.96    2.37    2.72    2.97 
  9 1955 9    2.18    2.36    2.69    2.97 
 10 1955 10   2.24    2.39    2.62    2.88 
 11 1955 11   2.35    2.48    2.73    2.89 
 12 1955 12   2.48    2.73    2.88    2.96 
 13 1956 1    2.45    2.58    2.78    2.90 
 14 1956 2    2.50    2.49    2.67    2.84 
 15 1956 3    2.50    2.61    2.89    2.96 
 16 1956 4    2.62    2.92    3.19    3.18 
 17 1956 5    2.75    2.94    3.08    3.07 
 18 1956 6    2.71    2.74    2.95    3.00 
 19 1956 7    2.75    2.76    3.06    3.11 
 20 1956 8    2.73    3.10    3.39    3.33 
 21 1956 9    2.95    3.35    3.50    3.38 
 22 1956 10   2.96    3.28    3.40    3.34 
 23 1956 11   2.88    3.44    3.57    3.49 
 24 1956 12   2.94    3.68    3.76    3.59 
 25 1957 1    2.84    3.37    3.46    3.46 
 26 1957 2    3.00    3.38    3.42    3.34 
 27 1957 3    2.96    3.42    3.47    3.41 
 28 1957 4    3.00    3.49    3.53    3.48 
 29 1957 5    3.00    3.48    3.61    3.60 
 30 1957 6    3.00    3.65    3.80    3.80 
 31 1957 7    2.99    3.81    3.96    3.93 
 32 1957 8    3.24    4.01    4.02    3.93 
 33 1957 9    3.47    4.07    4.06    3.92 
 34 1957 10   3.50    4.01    4.09    3.97 
 35 1957 11   3.28    3.57    3.70    3.72 
 36 1957 12   2.98    3.18    3.11    3.21 
 37 1958 1    2.72    2.65    2.78    3.09 
 38 1958 2    1.67    1.99    2.58    3.05 
 39 1958 3    1.20    1.84    2.40    2.98 
 40 1958 4    1.26    1.45    2.15    2.88 
 41 1958 5    0.63    1.37    2.07    2.92 
 42 1958 6    0.93    1.23    2.08    2.97 
 43 1958 7    0.68    1.61    2.42    3.20 
 44 1958 8    1.53    2.50    3.06    3.54 
 45 1958 9    1.76    3.05    3.52    3.76 
 46 1958 10   1.80    3.19    3.67    3.80 
 47 1958 11   2.27    3.10    3.60    3.74 
 48 1958 12   2.42    3.29    3.72    3.86 
 49 1959 1    2.48    3.36    3.91    4.02 
 50 1959 2    2.43    3.54    3.92    3.96 
 51 1959 3    2.80    3.61    3.97    3.99 
 52 1959 4    2.96    3.72    4.03    4.12 
 53 1959 5    2.90    3.96    4.25    4.31 
 54 1959 6    3.39    4.07    4.52    4.34 
 55 1959 7    3.47    4.39    4.60    4.40 
 56 1959 8    3.50    4.42    4.60    4.43 
 57 1959 9    3.76    5.00    4.97    4.68 
 58 1959 10   3.98    4.80    4.78    4.53 
 59 1959 11   4.00    4.81    4.85    4.53 
 60 1959 12   3.99    5.14    5.12    4.69 
 61 1960 1    3.99    5.03    4.99    4.72 
 62 1960 2    3.97    4.66    4.73    4.49 
 63 1960 3    3.84    4.02    4.29    4.25 
 64 1960 4    3.92    4.04    4.27    4.28 
 65 1960 5    3.85    4.21    4.46    4.35 
 66 1960 6    3.32    3.36    4.01    4.15 
 67 1960 7    3.23    3.20    3.63    3.90 
 68 1960 8    2.98    2.95    3.41    3.80 
 69 1960 9    2.60    3.07    3.43    3.80 
 70 1960 10   2.47    3.04    3.53    3.89 
 71 1960 11   2.44    3.08    3.60    3.93 
 72 1960 12   1.98    2.86    3.42    3.84 
 73 1961 1    1.45    2.81    3.39    3.84 
 74 1961 2    2.54    2.93    3.46    3.78 
 75 1961 3    2.02    2.88    3.35    3.74 
 76 1961 4    1.49    2.88    3.33    3.78 
 77 1961 5    1.98    2.87    3.23    3.71 
 78 1961 6    1.73    3.06    3.63    3.88 
 79 1961 7    1.17    2.92    3.59    3.92 
 80 1961 8    2.00    3.06    3.76    4.04 
 81 1961 9    1.88    3.06    3.73    3.98 
 82 1961 10   2.26    3.05    3.62    3.92 
 83 1961 11   2.61    3.07    3.61    3.94 
 84 1961 12   2.33    3.18    3.72    4.06 
 85 1962 1    2.15    3.28    3.76    4.08 
 86 1962 2    2.37    3.28    3.69    4.04 
 87 1962 3    2.85    3.06    3.45    3.93 
 88 1962 4    2.78    2.99    3.38    3.84 
 89 1962 5    2.36    3.03    3.40    3.87 
 90 1962 6    2.68    3.03    3.39    3.91 
 91 1962 7    2.71    3.29    3.62    4.01 
 92 1962 8    2.93    3.20    3.46    3.98 
 93 1962 9    2.90    3.06    3.41    3.98 
 94 1962 10   2.90    2.98    3.33    3.93 
 95 1962 11   2.94    3.00    3.40    3.92 
 96 1962 12   2.93    3.01    3.37    3.86 
 97 1963 1    2.92    3.04    3.40    3.83 
 98 1963 2    3.00    3.01    3.39    3.92 
 99 1963 3    2.98    3.03    3.41    3.93 
100 1963 4    2.90    3.11    3.50    3.97 
101 1963 5    3.00    3.12    3.54    3.93 
102 1963 6    2.99    3.20    3.61    3.99 
103 1963 7    3.02    3.48    3.76    4.02 
104 1963 8    3.49    3.53    3.77    4.00 
105 1963 9    3.48    3.57    3.82    4.08 
106 1963 10   3.50    3.64    3.87    4.11 
107 1963 11   3.48    3.74    3.95    4.12 
108 1963 12   3.38    3.81    4.01    4.13 
109 1964 1    3.48    3.79    4.04    4.17 
110 1964 2    3.48    3.78    4.00    4.15 
111 1964 3    3.43    3.91    4.12    4.22 
112 1964 4    3.47    3.91    4.15    4.23 
113 1964 5    3.50    3.84    4.04    4.20 
114 1964 6    3.50    3.83    4.01    4.17 
115 1964 7    3.42    3.72    3.93    4.19 
116 1964 8    3.50    3.74    3.93    4.19 
117 1964 9    3.45    3.84    4.01    4.20 
118 1964 10   3.36    3.86    4.02    4.19 
119 1964 11   3.52    3.91    4.04    4.15 
120 1964 12   3.85    4.02    4.08    4.18 
121 1965 1    3.90    3.94    4.03    4.19 
122 1965 2    3.98    4.03    4.08    4.21 
123 1965 3    4.04    4.06    4.13    4.21 
124 1965 4    4.09    4.04    4.12    4.20 
125 1965 5    4.10    4.03    4.11    4.21 
126 1965 6    4.04    3.99    4.08    4.21 
127 1965 7    4.09    3.98    4.09    4.20 
128 1965 8    4.12    4.07    4.16    4.25 
129 1965 9    4.01    4.20    4.24    4.29 
130 1965 10   4.08    4.30    4.33    4.35 
131 1965 11   4.10    4.37    4.45    4.45 
132 1965 12   4.32    4.72    4.79    4.62 
133 1966 1    4.42    4.88    4.90    4.61 
134 1966 2    4.60    4.94    5.02    4.83 
135 1966 3    4.65    4.97    4.97    4.87 
136 1966 4    4.67    4.90    4.89    4.75 
137 1966 5    4.90    4.93    5.00    4.78 
138 1966 6    5.17    4.97    5.05    4.81 
139 1966 7    5.30    5.17    5.26    5.02 
140 1966 8    5.53    5.54    5.68    5.22 
141 1966 9    5.40    5.82    5.79    5.18 
142 1966 10   5.53    5.58    5.48    5.01 
143 1966 11   5.76    5.54    5.53    5.16 
144 1966 12   5.40    5.20    5.19    4.84 
145 1967 1    4.94    4.75    4.75    4.58 
146 1967 2    5.00    4.71    4.73    4.63 
147 1967 3    4.53    4.35    4.47    4.54 
148 1967 4    4.05    4.11    4.38    4.59 
149 1967 5    3.94    4.15    4.61    4.85 
150 1967 6    3.98    4.48    4.89    5.02 
151 1967 7    3.79    5.01    5.06    5.16 
152 1967 8    3.90    5.13    5.23    5.28 
153 1967 9    3.99    5.24    5.41    5.30 
154 1967 10   3.88    5.37    5.52    5.48 
155 1967 11   4.13    5.61    5.71    5.75 
156 1967 12   4.51    5.71    5.71    5.70 
157 1968 1    4.60    5.43    5.53    5.53 
158 1968 2    4.71    5.41    5.61    5.56 
159 1968 3    5.05    5.58    5.80    5.74 
160 1968 4    5.76    5.71    5.75    5.64 
161 1968 5    6.11    6.14    6.11    5.87 
162 1968 6    6.07    5.98    5.82    5.72 
163 1968 7    6.02    5.65    5.54    5.50 
164 1968 8    6.03    5.43    5.42    5.42 
165 1968 9    5.78    5.45    5.39    5.46 
166 1968 10   5.91    5.57    5.52    5.58 
167 1968 11   5.82    5.75    5.57    5.70 
168 1968 12   6.02    6.19    6.16    6.03 
169 1969 1    6.30    6.34    6.22    6.04 
170 1969 2    6.61    6.41    6.32    6.19 
171 1969 3    6.79    6.34    6.38    6.30 
172 1969 4    7.41    6.26    6.25    6.17 
173 1969 5    8.67    6.42    6.51    6.32 
174 1969 6    8.90    7.04    6.83    6.57 
175 1969 7    8.61    7.60    7.31    6.72 
176 1969 8    9.19    7.54    7.29    6.69 
177 1969 9    9.15    7.82    7.77    7.16 
178 1969 10   9.00    7.64    7.57    7.10 
179 1969 11   8.85    7.89    7.65    7.14 
180 1969 12   8.97    8.17    8.10    7.65 
181 1970 1    8.98    8.10    8.24    7.79 
182 1970 2    8.98    7.59    7.79    7.24 
183 1970 3    7.76    6.97    7.15    7.07 
184 1970 4    8.10    7.06    7.39    7.39 
185 1970 5    7.94    7.75    7.94    7.91 
186 1970 6    7.60    7.55    7.84    7.84 
187 1970 7    7.21    7.10    7.56    7.46 
188 1970 8    6.61    6.98    7.46    7.53 
189 1970 9    6.29    6.73    7.11    7.39 
190 1970 10   6.20    6.43    6.96    7.33 
191 1970 11   5.60    5.51    6.25    6.84 
192 1970 12   4.90    5.00    5.75    6.39 
193 1971 1    4.14    4.57    5.61    6.24 
194 1971 2    3.72    3.89    5.07    6.11 
195 1971 3    3.71    3.69    4.50    5.70 
196 1971 4    4.15    4.30    5.22    5.83 
197 1971 5    4.63    5.04    5.97    6.39 
198 1971 6    4.91    5.64    6.32    6.52 
199 1971 7    5.31    6.04    6.74    6.73 
200 1971 8    5.56    5.80    6.35    6.58 
201 1971 9    5.55    5.41    5.89    6.14 
202 1971 10   5.20    4.91    5.56    5.93 
203 1971 11   4.91    4.67    5.35    5.81 
204 1971 12   4.14    4.60    5.27    5.93 
205 1972 1    3.50    4.28    5.14    5.95 
206 1972 2    3.29    4.27    5.25    6.08 
207 1972 3    3.83    4.67    5.56    6.07 
208 1972 4    4.17    4.96    5.88    6.19 
209 1972 5    4.27    4.64    5.55    6.13 
210 1972 6    4.46    4.93    5.64    6.11 
211 1972 7    4.55    4.96    5.78    6.11 
212 1972 8    4.80    4.98    5.79    6.21 
213 1972 9    4.87    5.52    6.06    6.55 
214 1972 10   5.04    5.52    6.05    6.48 
215 1972 11   5.06    5.27    5.94    6.28 
216 1972 12   5.33    5.52    6.01    6.36 
217 1973 1    5.94    5.89    6.27    6.46 
218 1973 2    6.58    6.19    6.58    6.64 
219 1973 3    7.09    6.85    6.86    6.71 
220 1973 4    7.12    6.85    6.78    6.67 
221 1973 5    7.84    6.89    6.83    6.85 
222 1973 6    8.49    7.31    6.84    6.90 
223 1973 7   10.40    8.39    7.54    7.13 
224 1973 8   10.50    8.82    7.89    7.40 
225 1973 9   10.78    8.31    7.25    7.09 
226 1973 10  10.01    7.40    6.81    6.79 
227 1973 11  10.03    7.57    7.00    6.73 
228 1973 12   9.95    7.27    6.81    6.74 
229 1974 1    9.65    7.42    6.96    6.99 
230 1974 2    8.97    6.88    6.76    6.96 
231 1974 3    9.35    7.76    7.35    7.21 
232 1974 4   10.51    8.62    8.05    7.51 
233 1974 5   11.31    8.78    8.27    7.58 
234 1974 6   11.93    8.67    8.15    7.54 
235 1974 7   12.92    8.80    8.41    7.81 
236 1974 8   12.01    9.36    8.66    8.04 
237 1974 9   11.34    8.87    8.41    8.04 
238 1974 10  10.06    8.05    8.00    7.90 
239 1974 11   9.45    7.66    7.61    7.68 
240 1974 12   8.53    7.31    7.24    7.43 
241 1975 1    7.13    6.83    7.23    7.50 
242 1975 2    6.24    5.98    6.65    7.39 
243 1975 3    5.54    6.11    6.81    7.73 
244 1975 4    5.49    6.90    7.76    8.23 
245 1975 5    5.22    6.39    7.39    8.06 
246 1975 6    5.55    6.29    7.17    7.86 
247 1975 7    6.10    7.11    7.72    8.06 
248 1975 8    6.14    7.70    8.16    8.40 
249 1975 9    6.24    7.75    8.29    8.43 
250 1975 10   5.82    6.95    7.81    8.14 
251 1975 11   5.22    6.49    7.46    8.05 
252 1975 12   5.20    6.60    7.43    8.00 
253 1976 1    4.87    5.81    6.99    7.74 
254 1976 2    4.77    5.91    7.06    7.79 
255 1976 3    4.84    6.21    7.13    7.73 
256 1976 4    4.82    5.92    6.84    7.56 
257 1976 5    5.29    6.40    7.27    7.90 
258 1976 6    5.48    6.52    7.31    7.86 
259 1976 7    5.31    6.20    7.12    7.83 
260 1976 8    5.29    6.00    6.86    7.77 
261 1976 9    5.25    5.84    6.66    7.59 
262 1976 10   5.02    5.50    6.24    7.41 
263 1976 11   4.95    5.29    6.09    7.29 
264 1976 12   4.65    4.89    5.68    6.87 
265 1977 1    4.61    5.29    6.22    7.21 
266 1977 2    4.68    5.47    6.44    7.39 
267 1977 3    4.69    5.50    6.47    7.46 
268 1977 4    4.73    5.44    6.31    7.37 
269 1977 5    5.35    5.84    6.55    7.46 
270 1977 6    5.39    5.80    6.39    7.28 
271 1977 7    5.42    5.94    6.51    7.33 
272 1977 8    5.90    6.37    6.79    7.40 
273 1977 9    6.14    6.53    6.84    7.34 
274 1977 10   6.47    6.97    7.19    7.52 
275 1977 11   6.51    6.95    7.22    7.58 
276 1977 12   6.56    6.96    7.30    7.69 
277 1978 1    6.70    7.28    7.61    7.96 
278 1978 2    6.78    7.34    7.67    8.03 
279 1978 3    6.79    7.31    7.70    8.04 
280 1978 4    6.89    7.45    7.85    8.15 
281 1978 5    7.36    7.82    8.07    8.35 
282 1978 6    7.60    8.09    8.30    8.46 
283 1978 7    7.81    8.39    8.54    8.64 
284 1978 8    8.04    8.31    8.33    8.41 
285 1978 9    8.45    8.64    8.41    8.42 
286 1978 10   8.96    9.14    8.62    8.64 
287 1978 11   9.76   10.01    9.04    8.81 
288 1978 12  10.03   10.30    9.33    9.01 
289 1979 1   10.07   10.41    9.50    9.10 
290 1979 2   10.06   10.24    9.29    9.10 
291 1979 3   10.09   10.25    9.38    9.12 
292 1979 4   10.01   10.12    9.43    9.18 
293 1979 5   10.24   10.12    9.42    9.25 
294 1979 6   10.29    9.57    8.95    8.91 
295 1979 7   10.47    9.64    8.94    8.95 
296 1979 8   10.94    9.98    9.14    9.03 
297 1979 9   11.43   10.84    9.69    9.33 
298 1979 10  13.77   12.44   10.95   10.30 
299 1979 11  13.18   12.39   11.18   10.65 
300 1979 12  13.78   11.98   10.71   10.39 
301 1980 1   13.82   12.06   10.88   10.80 
302 1980 2   14.13   13.92   12.84   12.41 
303 1980 3   17.19   15.82   14.05   12.75 
304 1980 4   17.61   13.30   12.02   11.47 
305 1980 5   10.98    9.39    9.44   10.18 
306 1980 6    9.47    8.16    8.91    9.78 
307 1980 7    9.03    8.65    9.27   10.25 
308 1980 8    9.61   10.24   10.63   11.10 
309 1980 9   10.87   11.52   11.57   11.51 
310 1980 10  12.81   12.49   12.01   11.75 
311 1980 11  15.85   14.15   13.31   12.68 
312 1980 12  18.90   14.88   13.65   12.84 
313 1981 1   19.08   14.08   13.01   12.57 
314 1981 2   15.93   14.57   13.65   13.19 
315 1981 3   14.70   13.71   13.51   13.12 
316 1981 4   15.72   14.32   14.09   13.68 
317 1981 5   18.52   16.20   15.08   14.10 
318 1981 6   19.10   14.86   14.29   13.47 
319 1981 7   19.04   15.72   15.15   14.28 
320 1981 8   17.82   16.72   16.00   14.94 
321 1981 9   15.87   16.52   16.22   15.32 
322 1981 10  15.08   15.38   15.50   15.15 
323 1981 11  13.31   12.41   13.11   13.39 
324 1981 12  12.37   12.85   13.66   13.72 
325 1982 1   13.22   14.32   14.64   14.59 
326 1982 2   14.78   14.73   14.73   14.43 
327 1982 3   14.68   13.95   14.13   13.86 
328 1982 4   14.94   13.98   14.18   13.87 
329 1982 5   14.45   13.34   13.77   13.62 
330 1982 6   14.15   14.07   14.48   14.30 
331 1982 7   12.59   13.24   14.00   13.95 
332 1982 8   10.12   11.43   12.62   13.06 
333 1982 9   10.31   10.85   12.03   12.34 
334 1982 10   9.71    9.32   10.62   10.91 
335 1982 11   9.20    9.16    9.98   10.55 
336 1982 12   8.95    8.91    9.88   10.54 
337 1983 1    8.68    8.62    9.64   10.46 
338 1983 2    8.51    8.92    9.91   10.72 
339 1983 3    8.77    9.04    9.84   10.51 
340 1983 4    8.80    8.98    9.76   10.40 
341 1983 5    8.63    8.90    9.66   10.38 
342 1983 6    8.98    9.66   10.32   10.85 
343 1983 7    9.37   10.20   10.90   11.38 
344 1983 8    9.56   10.53   11.30   11.85 
345 1983 9    9.45   10.16   11.07   11.65 
346 1983 10   9.48    9.81   10.87   11.54 
347 1983 11   9.34    9.94   10.96   11.69 
348 1983 12   9.47   10.11   11.13   11.83 
349 1984 1    9.56    9.90   10.93   11.67 
350 1984 2    9.59   10.04   11.05   11.84 
351 1984 3    9.91   10.59   11.59   12.32 
352 1984 4   10.29   10.90   11.98   12.63 
353 1984 5   10.32   11.66   12.75   13.41 
354 1984 6   11.06   12.08   13.18   13.56 
355 1984 7   11.23   12.03   13.08   13.36 
356 1984 8   11.64   11.82   12.50   12.72 
357 1984 9   11.30   11.58   12.34   12.52 
358 1984 10   9.99   10.90   11.85   12.16 
359 1984 11   9.43    9.82   10.90   11.57 
360 1984 12   8.38    9.33   10.56   11.50 
361 1985 1    8.35    9.02   10.43   11.38 
362 1985 2    8.50    9.29   10.55   11.51 
363 1985 3    8.58    9.86   11.05   11.86 
364 1985 4    8.27    9.14   10.49   11.43 
365 1985 5    7.97    8.46    9.75   10.85 
366 1985 6    7.53    7.80    9.05   10.16 
367 1985 7    7.88    7.86    9.18   10.31 
368 1985 8    7.90    8.05    9.31   10.33 
369 1985 9    7.92    8.07    9.37   10.37 
370 1985 10   7.99    8.01    9.25   10.24 
371 1985 11   8.05    7.88    8.88    9.78 
372 1985 12   8.27    7.67    8.40    9.26 
373 1986 1    8.14    7.73    8.41    9.19 
374 1986 2    7.86    7.61    8.10    8.70 
375 1986 3    7.48    7.03    7.30    7.78 
376 1986 4    6.99    6.44    6.86    7.30 
377 1986 5    6.85    6.65    7.27    7.71 
378 1986 6    6.92    6.73    7.41    7.80 
379 1986 7    6.56    6.27    6.86    7.30 
380 1986 8    6.17    5.93    6.49    7.17 
381 1986 9    5.89    5.77    6.62    7.45 
382 1986 10   5.85    5.72    6.56    7.43 
383 1986 11   6.04    5.80    6.46    7.25 
384 1986 12   6.91    5.87    6.43    7.11 
385 1987 1    6.43    5.78    6.41    7.08 
386 1987 2    6.10    5.96    6.56    7.25 
387 1987 3    6.13    6.03    6.58    7.25 
388 1987 4    6.37    6.50    7.32    8.02 
389 1987 5    6.85    7.00    8.02    8.61 
390 1987 6    6.73    6.80    7.82    8.40 
391 1987 7    6.58    6.68    7.74    8.45 
392 1987 8    6.73    7.03    8.03    8.76 
393 1987 9    7.22    7.67    8.67    9.42 
394 1987 10   7.29    7.59    8.75    9.52 
395 1987 11   6.69    6.96    7.99    8.86 
396 1987 12   6.77    7.17    8.13    8.99 
397 1988 1    6.83    6.99    7.87    8.67 
398 1988 2    6.58    6.64    7.38    8.21 
399 1988 3    6.58    6.71    7.50    8.37 
400 1988 4    6.87    7.01    7.83    8.72 
401 1988 5    7.09    7.40    8.24    9.09 
402 1988 6    7.51    7.49    8.22    8.92 
403 1988 7    7.75    7.75    8.44    9.06 
404 1988 8    8.01    8.17    8.77    9.26 
405 1988 9    8.19    8.09    8.57    8.98 
406 1988 10   8.30    8.11    8.43    8.80 
407 1988 11   8.35    8.48    8.72    8.96 
408 1988 12   8.76    8.99    9.11    9.11 
409 1989 1    9.12    9.05    9.20    9.09 
410 1989 2    9.36    9.25    9.32    9.17 
411 1989 3    9.85    9.57    9.61    9.36 
412 1989 4    9.84    9.36    9.40    9.18 
413 1989 5    9.81    8.98    8.98    8.86 
414 1989 6    9.53    8.44    8.37    8.28 
415 1989 7    9.24    7.89    7.83    8.02 
416 1989 8    8.99    8.18    8.13    8.11 
417 1989 9    9.02    8.22    8.26    8.19 
418 1989 10   8.84    7.99    8.02    8.01 
419 1989 11   8.55    7.77    7.80    7.87 
420 1989 12   8.45    7.72    7.77    7.84 
421 1990 1    8.23    7.92    8.13    8.21 
422 1990 2    8.24    8.11    8.39    8.47 
423 1990 3    8.28    8.35    8.63    8.59 
424 1990 4    8.26    8.40    8.78    8.79 
425 1990 5    8.18    8.32    8.69    8.76 
426 1990 6    8.29    8.10    8.40    8.48 
427 1990 7    8.15    7.94    8.26    8.47 
428 1990 8    8.13    7.78    8.22    8.75 
429 1990 9    8.20    7.76    8.27    8.89 
430 1990 10   8.11    7.55    8.07    8.72 
431 1990 11   7.81    7.31    7.74    8.39 
432 1990 12   7.31    7.05    7.47    8.08 
433 1991 1    6.91    6.64    7.38    8.09 
434 1991 2    6.25    6.27    7.08    7.85 
435 1991 3    6.12    6.40    7.35    8.11 
436 1991 4    5.91    6.24    7.23    8.04 
437 1991 5    5.78    6.13    7.12    8.07 
438 1991 6    5.90    6.36    7.39    8.28 
439 1991 7    5.82    6.31    7.38    8.27 
440 1991 8    5.66    5.78    6.80    7.90 
441 1991 9    5.45    5.57    6.50    7.65 
442 1991 10   5.21    5.33    6.23    7.53 
443 1991 11   4.81    4.89    5.90    7.42 
444 1991 12   4.43    4.38    5.39    7.09 
445 1992 1    4.03    4.15    5.40    7.03 
446 1992 2    4.06    4.29    5.72    7.34 
447 1992 3    3.98    4.63    6.18    7.54 
448 1992 4    3.73    4.30    5.93    7.48 
449 1992 5    3.82    4.19    5.81    7.39 
450 1992 6    3.76    4.17    5.60    7.26 
451 1992 7    3.25    3.60    4.91    6.84 
452 1992 8    3.30    3.47    4.72    6.59 
453 1992 9    3.22    3.18    4.42    6.42 
454 1992 10   3.10    3.30    4.64    6.59 
455 1992 11   3.09    3.68    5.14    6.87 
456 1992 12   2.92    3.71    5.21    6.77 
457 1993 1    3.02    3.50    4.93    6.60 
458 1993 2    3.03    3.39    4.58    6.26 
459 1993 3    3.07    3.33    4.40    5.98 
460 1993 4    2.96    3.24    4.30    5.97 
461 1993 5    3.00    3.36    4.40    6.04 
462 1993 6    3.04    3.54    4.53    5.96 
463 1993 7    3.06    3.47    4.43    5.81 
464 1993 8    3.03    3.44    4.36    5.68 
465 1993 9    3.09    3.36    4.17    5.36 
466 1993 10   2.99    3.39    4.18    5.33 
467 1993 11   3.02    3.58    4.50    5.72 
468 1993 12   2.96    3.61    4.54    5.77 
469 1994 1    3.05    3.54    4.48    5.75 
470 1994 2    3.25    3.87    4.83    5.97 
471 1994 3    3.34    4.32    5.40    6.48 
472 1994 4    3.56    4.82    5.99    6.97 
473 1994 5    4.01    5.31    6.34    7.18 
474 1994 6    4.25    5.27    6.27    7.10 
475 1994 7    4.26    5.48    6.48    7.30 
476 1994 8    4.47    5.56    6.50    7.24 
477 1994 9    4.73    5.76    6.69    7.46 
478 1994 10   4.76    6.11    7.04    7.74 
479 1994 11   5.29    6.54    7.44    7.96 
480 1994 12   5.45    7.14    7.71    7.81 
481 1995 1    5.53    7.05    7.66    7.78 
482 1995 2    5.92    6.70    7.25    7.47 
483 1995 3    5.98    6.43    6.89    7.20 
484 1995 4    6.05    6.27    6.68    7.06 
485 1995 5    6.01    6.00    6.27    6.63 
486 1995 6    6.00    5.64    5.80    6.17 
487 1995 7    5.85    5.59    5.89    6.28 
488 1995 8    5.74    5.75    6.10    6.49 
489 1995 9    5.80    5.62    5.89    6.20 
490 1995 10   5.76    5.59    5.77    6.04 
491 1995 11   5.80    5.43    5.57    5.93 
492 1995 12   5.60    5.31    5.39    5.71 
493 1996 1    5.56    5.09    5.20    5.65 
494 1996 2    5.22    4.94    5.14    5.81 
495 1996 3    5.31    5.34    5.79    6.27 
496 1996 4    5.22    5.54    6.11    6.51 
497 1996 5    5.24    5.64    6.27    6.74 
498 1996 6    5.27    5.81    6.49    6.91 
499 1996 7    5.40    5.85    6.45    6.87 
500 1996 8    5.22    5.67    6.21    6.64 
501 1996 9    5.30    5.83    6.41    6.83 
502 1996 10   5.24    5.55    6.08    6.53 
503 1996 11   5.31    5.42    5.82    6.20 
504 1996 12   5.29    5.47    5.91    6.30 
505 1997 1    5.25    5.61    6.16    6.58 
506 1997 2    5.19    5.53    6.03    6.42 
507 1997 3    5.39    5.80    6.38    6.69 
508 1997 4    5.51    5.99    6.61    6.89 
509 1997 5    5.50    5.87    6.42    6.71 
510 1997 6    5.56    5.69    6.24    6.49 
511 1997 7    5.52    5.54    6.00    6.22 
512 1997 8    5.54    5.56    6.06    6.30 
513 1997 9    5.54    5.52    5.98    6.21 
514 1997 10   5.50    5.46    5.84    6.03 
515 1997 11   5.52    5.46    5.76    5.88 
516 1997 12   5.50    5.53    5.74    5.81 
517 1998 1    5.56    5.24    5.38    5.54 
518 1998 2    5.51    5.31    5.43    5.57 
519 1998 3    5.49    5.39    5.57    5.65 
520 1998 4    5.45    5.38    5.58    5.64 
521 1998 5    5.49    5.44    5.61    5.65 
522 1998 6    5.56    5.41    5.52    5.50 
523 1998 7    5.54    5.36    5.47    5.46 
524 1998 8    5.55    5.21    5.24    5.34 
525 1998 9    5.51    4.71    4.62    4.81 
526 1998 10   5.07    4.12    4.18    4.53 
527 1998 11   4.83    4.53    4.57    4.83 
528 1998 12   4.68    4.52    4.48    4.65 
529 1999 1    4.63    4.51    4.61    4.72 
530 1999 2    4.76    4.70    4.90    5.00 
531 1999 3    4.81    4.78    5.11    5.23 
532 1999 4    4.74    4.69    5.03    5.18 
533 1999 5    4.74    4.85    5.33    5.54 
534 1999 6    4.76    5.10    5.70    5.90 
535 1999 7    4.99    5.03    5.62    5.79 
536 1999 8    5.07    5.20    5.77    5.94 
537 1999 9    5.22    5.25    5.75    5.92 
538 1999 10   5.20    5.43    5.94    6.11 
539 1999 11   5.42    5.55    5.92    6.03 
540 1999 12   5.30    5.84    6.14    6.28 
541 2000 1    5.46    6.12    6.49    6.66 
542 2000 2    5.73    6.22    6.65    6.52 
543 2000 3    5.85    6.22    6.53    6.26 
544 2000 4    6.02    6.15    6.36    5.99 
545 2000 5    6.27    6.33    6.77    6.44 
546 2000 6    6.53    6.17    6.43    6.10 
547 2000 7    6.54    6.08    6.28    6.05 
548 2000 8    6.50    6.18    6.17    5.83 
549 2000 9    6.52    6.13    6.02    5.80 
550 2000 10   6.51    6.01    5.85    5.74 
551 2000 11   6.51    6.09    5.79    5.72 
552 2000 12   6.40    5.60    5.26    5.24 
553 2001 1    5.98    4.81    4.77    5.16 
554 2001 2    5.49    4.68    4.71    5.10 
555 2001 3    5.31    4.30    4.43    4.89 
556 2001 4    4.80    3.98    4.42    5.14 
557 2001 5    4.21    3.78    4.51    5.39 
558 2001 6    3.97    3.58    4.35    5.28 
559 2001 7    3.77    3.62    4.31    5.24 
560 2001 8    3.65    3.47    4.04    4.97 
561 2001 9    3.07    2.82    3.45    4.73 
562 2001 10   2.49    2.33    3.14    4.57 
563 2001 11   2.09    2.18    3.22    4.65 
564 2001 12   1.82    2.22    3.62    5.09 
