ID lfp lnnlinc age educ nyc noc foreign
  1 0.0 10.787497 3.0  8.0 1.0 1.0 0.0
  2 1.0 10.524251 4.5  8.0 0.0 1.0 0.0
  3 0.0 10.968578 4.6  9.0 0.0 0.0 0.0
  4 0.0 11.104999 3.1 11.0 2.0 0.0 0.0
  5 0.0 11.108470 4.4 12.0 0.0 2.0 0.0
  6 1.0 11.028254 4.2 12.0 0.0 1.0 0.0
  7 0.0 11.454707 5.1  8.0 0.0 0.0 0.0
  8 1.0 10.490918 3.2  8.0 0.0 2.0 0.0
  9 0.0 10.624740 3.9 12.0 0.0 0.0 0.0
 10 0.0 10.486420 4.3 11.0 0.0 2.0 0.0
 11 0.0 10.660618 4.5 11.0 0.0 2.0 0.0
 12 0.0 10.467589 6.0 12.0 0.0 0.0 0.0
 13 0.0 11.229592 3.3 11.0 2.0 0.0 0.0
 14 0.0 11.906462 5.6 14.0 0.0 0.0 0.0
 15 0.0 11.501562 5.6 11.0 0.0 0.0 0.0
 16 0.0 11.293492 4.7 11.0 0.0 1.0 0.0
 17 0.0 10.861253 5.0  8.0 0.0 0.0 0.0
 18 1.0 11.844049 3.9 12.0 0.0 0.0 0.0
 19 0.0 11.048627 4.7  8.0 0.0 1.0 0.0
 20 1.0 10.957795 5.3 11.0 0.0 0.0 0.0
 21 0.0 10.860134 2.9 19.0 0.0 0.0 0.0
 22 1.0 11.108121 4.6 11.0 0.0 1.0 0.0
 23 0.0 10.848620 4.4  8.0 0.0 2.0 0.0
 24 0.0 10.482397 2.0 12.0 1.0 0.0 0.0
 25 1.0 10.484040 5.4  8.0 0.0 0.0 0.0
 26 1.0 10.601204 4.7  8.0 0.0 0.0 0.0
 27 0.0 10.540632 2.8  9.0 2.0 0.0 0.0
 28 0.0 11.224276 4.7  8.0 0.0 1.0 0.0
 29 1.0 10.841085 4.9 12.0 0.0 0.0 0.0
 30 0.0 10.566288 3.0 11.0 0.0 1.0 0.0
 31 0.0 11.769593 5.1 11.0 0.0 0.0 0.0
 32 0.0 10.667089 2.8 11.0 0.0 2.0 0.0
 33 0.0 10.624627 5.4 11.0 0.0 0.0 0.0
 34 0.0 10.537148 4.9  8.0 0.0 0.0 0.0
 35 0.0 11.135636 5.3 10.0 0.0 0.0 0.0
 36 0.0 10.315332 5.5  8.0 0.0 0.0 0.0
 37 0.0 10.372655 2.4 11.0 1.0 0.0 0.0
 38 0.0 11.507138 5.0  8.0 0.0 1.0 0.0
 39 1.0 11.156561 3.6 13.0 0.0 2.0 0.0
 40 0.0 10.452933 2.3  9.0 1.0 0.0 0.0
 41 1.0 11.106286 4.1 12.0 0.0 2.0 0.0
 42 0.0 10.657185 2.3 10.0 0.0 1.0 0.0
 43 0.0 10.518618 3.8 10.0 0.0 2.0 0.0
 44 0.0 10.699437 5.3 12.0 0.0 0.0 0.0
 45 0.0  9.668874 4.5 12.0 0.0 1.0 0.0
 46 0.0 10.922165 3.7 12.0 0.0 2.0 0.0
 47 0.0 11.249361 3.6 15.0 2.0 0.0 0.0
 48 0.0 10.051168 4.6 12.0 0.0 0.0 0.0
 49 0.0 10.621104 3.1 10.0 1.0 1.0 0.0
 50 1.0 10.644639 4.2 10.0 0.0 2.0 0.0
 51 0.0 10.419983 2.2 10.0 1.0 0.0 0.0
 52 1.0 10.466988 3.2  8.0 0.0 1.0 0.0
 53 1.0 10.478207 3.4  9.0 0.0 2.0 0.0
 54 1.0 10.435452 4.4  9.0 0.0 1.0 0.0
 55 1.0 10.427258 5.8 12.0 0.0 0.0 0.0
 56 1.0 10.471779 4.4  9.0 0.0 2.0 0.0
 57 0.0 11.138516 5.5  9.0 0.0 0.0 0.0
 58 0.0 10.318860 2.3 11.0 2.0 0.0 0.0
 59 0.0 10.305638 6.0 15.0 0.0 0.0 0.0
 60 0.0 10.864139 5.0 10.0 0.0 2.0 0.0
 61 0.0 10.465655 5.9  9.0 0.0 0.0 0.0
 62 0.0 10.223900 3.5  9.0 0.0 2.0 0.0
 63 0.0 12.019113 6.1 13.0 0.0 0.0 0.0
 64 1.0 11.411158 4.0 13.0 0.0 2.0 0.0
 65 0.0 10.514760 2.4 11.0 1.0 0.0 0.0
 66 1.0 10.493266 3.5  4.0 0.0 2.0 0.0
 67 1.0 10.718570 3.1 10.0 1.0 1.0 0.0
 68 0.0 11.336890 6.1 12.0 0.0 0.0 0.0
 69 1.0 10.814724 5.5 10.0 0.0 1.0 0.0
 70 0.0 10.316425 2.0  9.0 1.0 0.0 0.0
 71 0.0 11.096651 3.1 15.0 1.0 0.0 0.0
 72 1.0 10.472890 3.5  9.0 0.0 2.0 0.0
 73 0.0 10.588166 5.5  8.0 0.0 0.0 0.0
 74 0.0 11.584711 3.5 11.0 1.0 2.0 0.0
 75 0.0 10.618983 4.4 17.0 0.0 4.0 0.0
 76 1.0 10.517572 5.6  9.0 0.0 0.0 0.0
 77 0.0 10.825584 3.4 10.0 0.0 2.0 0.0
 78 1.0 10.909947 4.3  8.0 0.0 0.0 0.0
 79 1.0 10.363575 2.4 12.0 0.0 0.0 0.0
 80 1.0  9.646148 5.4  8.0 0.0 0.0 0.0
 81 0.0 10.157078 3.4  8.0 0.0 4.0 0.0
 82 1.0 10.279822 5.2  7.0 0.0 2.0 0.0
 83 0.0 10.571089 3.4  8.0 1.0 3.0 0.0
 84 0.0 10.763515 2.1  9.0 2.0 0.0 0.0
 85 1.0 10.540896 3.4 10.0 0.0 0.0 0.0
 86 0.0 10.654575 2.2  9.0 1.0 0.0 0.0
 87 0.0 10.852278 3.6  8.0 0.0 3.0 0.0
 88 0.0 10.285610 3.2 10.0 1.0 3.0 0.0
 89 0.0 11.338939 4.4 13.0 0.0 4.0 0.0
 90 1.0 11.235833 4.9 12.0 0.0 2.0 0.0
 91 0.0 10.471702 4.9 14.0 0.0 2.0 0.0
 92 0.0 10.787214 4.5 10.0 0.0 3.0 0.0
 93 0.0 10.599964 2.8 10.0 1.0 1.0 0.0
 94 0.0 10.280773 3.6  8.0 0.0 3.0 0.0
 95 0.0 10.840751 5.0  8.0 0.0 2.0 0.0
 96 0.0 11.052507 4.8  8.0 0.0 5.0 0.0
 97 0.0 10.653340 4.5  7.0 0.0 2.0 0.0
 98 0.0 10.338464 6.2  7.0 0.0 0.0 0.0
 99 0.0 10.708192 3.3 12.0 2.0 0.0 0.0
100 1.0 10.348194 4.8  8.0 0.0 0.0 0.0
101 1.0 11.021232 3.8 10.0 0.0 3.0 0.0
102 1.0 10.605906 4.6  7.0 0.0 1.0 0.0
103 1.0 10.649509 3.8 10.0 0.0 1.0 0.0
104 1.0 10.386903 5.6  7.0 0.0 0.0 0.0
105 1.0 10.741169 3.9 13.0 0.0 3.0 0.0
106 0.0 10.541059 2.8 10.0 2.0 0.0 0.0
107 0.0 11.081039 4.6 10.0 0.0 3.0 0.0
108 1.0 10.771101 2.7 10.0 0.0 0.0 0.0
109 0.0 12.285946 5.8 12.0 0.0 0.0 0.0
110 0.0 10.778364 2.7 12.0 2.0 0.0 0.0
111 0.0 10.669682 5.2 10.0 0.0 0.0 0.0
112 1.0 10.784824 3.1  9.0 0.0 3.0 0.0
113 1.0 11.269807 3.5 11.0 0.0 2.0 0.0
114 1.0 11.346660 3.4 12.0 0.0 1.0 0.0
115 1.0 10.825946 5.7  4.0 0.0 0.0 0.0
116 0.0 11.013918 4.4 10.0 0.0 2.0 0.0
117 0.0  9.574635 5.6  7.0 0.0 1.0 0.0
118 1.0 10.528624 3.4  4.0 0.0 3.0 0.0
119 1.0 10.741468 2.7 16.0 1.0 0.0 0.0
120 0.0 10.754830 4.4  9.0 0.0 3.0 0.0
121 1.0 10.830751 3.3 12.0 2.0 0.0 0.0
122 0.0 10.490775 5.2  9.0 0.0 2.0 0.0
123 0.0 10.363387 2.6  8.0 1.0 0.0 0.0
124 0.0 10.812684 2.8  9.0 0.0 2.0 0.0
125 0.0 10.763303 4.6  8.0 2.0 1.0 0.0
126 1.0 10.700171 4.2  9.0 0.0 2.0 0.0
127 0.0 10.446508 2.4  6.0 1.0 0.0 0.0
128 1.0 10.449971 2.1  8.0 0.0 0.0 0.0
129 0.0 10.663366 5.8  4.0 0.0 0.0 0.0
130 1.0 10.925736 4.7  8.0 0.0 4.0 0.0
131 0.0 10.865444 3.7  8.0 0.0 2.0 0.0
132 1.0 11.416710 3.1 11.0 1.0 0.0 0.0
133 1.0 10.819836 5.7  8.0 0.0 0.0 0.0
134 1.0 10.963413 3.8  9.0 0.0 2.0 0.0
135 0.0  9.263988 2.2 13.0 1.0 0.0 0.0
136 1.0 10.740620 4.0  8.0 0.0 2.0 0.0
137 0.0 11.329038 4.0 11.0 0.0 1.0 0.0
138 1.0 11.175732 3.5  9.0 0.0 2.0 0.0
139 0.0 11.131700 3.7  9.0 0.0 2.0 0.0
140 1.0 10.666515 5.4 12.0 0.0 0.0 0.0
141 0.0 11.086339 5.2 10.0 0.0 0.0 0.0
142 1.0 10.569454 3.1 11.0 0.0 2.0 0.0
143 0.0 11.036350 4.6 10.0 0.0 2.0 0.0
144 0.0 10.740618 4.4  6.0 1.0 1.0 0.0
145 0.0 10.620524 2.5 10.0 1.0 0.0 0.0
146 0.0 10.871253 2.7  9.0 1.0 0.0 0.0
147 1.0 10.664763 4.5  9.0 0.0 1.0 0.0
148 0.0 11.864870 3.1 15.0 0.0 2.0 0.0
149 1.0 10.639207 3.1 13.0 0.0 2.0 0.0
150 1.0 10.665111 3.4 14.0 0.0 2.0 0.0
151 1.0 10.937405 3.7 11.0 0.0 2.0 0.0
152 1.0 11.115698 5.1  8.0 0.0 0.0 0.0
153 0.0 10.392553 5.2  9.0 0.0 0.0 0.0
154 0.0 10.916087 3.4  8.0 0.0 2.0 0.0
155 1.0 10.530598 4.5 11.0 0.0 2.0 0.0
156 1.0 11.049862 2.6 14.0 1.0 0.0 0.0
157 0.0 10.961591 4.0  9.0 0.0 1.0 0.0
158 0.0 10.782629 4.4 10.0 0.0 2.0 0.0
159 0.0 10.893155 2.8 13.0 2.0 0.0 0.0
160 0.0 10.637464 4.1  8.0 1.0 3.0 0.0
161 0.0 10.804152 5.8 10.0 0.0 0.0 0.0
162 0.0 10.881099 3.5 10.0 0.0 1.0 0.0
163 0.0 11.995501 5.6 12.0 0.0 0.0 0.0
164 1.0 11.216231 4.0 13.0 0.0 4.0 0.0
165 0.0 10.510004 3.4  9.0 1.0 1.0 0.0
166 0.0 10.459609 2.9 14.0 1.0 1.0 0.0
167 1.0 10.763969 3.7 13.0 0.0 2.0 0.0
168 1.0 10.755772 2.6 12.0 0.0 0.0 0.0
169 0.0 10.689363 4.3  8.0 0.0 3.0 0.0
170 1.0 11.065612 3.8  9.0 0.0 3.0 0.0
171 1.0 10.693192 4.7  8.0 0.0 1.0 0.0
172 0.0 10.604953 5.3  8.0 0.0 3.0 0.0
173 0.0 10.401214 5.4  8.0 0.0 0.0 0.0
174 0.0 10.617780 3.9 11.0 2.0 0.0 0.0
175 1.0 10.833661 3.4 10.0 0.0 0.0 0.0
176 0.0 10.026210 5.4  8.0 0.0 1.0 0.0
177 0.0 10.746228 3.1  9.0 2.0 0.0 0.0
178 0.0 10.933002 3.5  8.0 0.0 4.0 0.0
179 1.0 10.840250 3.7 12.0 1.0 1.0 0.0
180 0.0 10.714731 4.0  8.0 0.0 2.0 0.0
181 0.0 10.612391 2.4  8.0 2.0 0.0 0.0
182 0.0 11.076830 3.3 12.0 1.0 0.0 0.0
183 1.0 11.128016 4.9  9.0 0.0 3.0 0.0
184 0.0 10.522886 3.0 12.0 0.0 2.0 0.0
185 0.0 10.659896 6.1  9.0 0.0 0.0 0.0
186 0.0 11.733083 3.2 13.0 2.0 1.0 0.0
187 0.0 10.919970 3.9  8.0 0.0 5.0 0.0
188 0.0 10.514121 4.0  8.0 0.0 2.0 0.0
189 0.0 11.069464 2.7 10.0 0.0 2.0 0.0
190 0.0 10.619196 2.0  9.0 1.0 0.0 0.0
191 0.0 10.562078 4.3 11.0 0.0 2.0 0.0
192 1.0 10.905702 3.2 13.0 1.0 1.0 0.0
193 0.0 10.950990 3.4 11.0 0.0 2.0 0.0
194 1.0 10.506120 4.6  8.0 0.0 2.0 0.0
195 0.0 11.047871 4.4  5.0 0.0 1.0 0.0
196 0.0 10.574165 3.6  8.0 0.0 3.0 0.0
197 1.0 11.193011 4.5 12.0 0.0 2.0 0.0
198 0.0 10.984266 3.3 12.0 1.0 0.0 0.0
199 0.0 11.334915 5.5  4.0 0.0 0.0 0.0
200 0.0 10.851937 3.6 12.0 0.0 2.0 0.0
201 1.0 10.404555 3.7  8.0 0.0 0.0 0.0
202 0.0 10.988086 3.9 11.0 0.0 2.0 0.0
203 0.0 10.864314 5.3  8.0 0.0 0.0 0.0
204 0.0 10.523238 2.2  9.0 1.0 0.0 0.0
205 0.0 10.820928 3.3 12.0 0.0 2.0 0.0
206 1.0 10.162354 4.0 10.0 0.0 0.0 0.0
207 0.0 11.198758 5.7 12.0 0.0 0.0 0.0
208 0.0 11.225668 2.9 10.0 1.0 2.0 0.0
209 1.0 10.893887 4.7  8.0 0.0 0.0 0.0
210 1.0 10.641333 4.1 10.0 0.0 0.0 0.0
211 0.0 10.850221 4.1  8.0 0.0 2.0 0.0
212 1.0 10.660521 3.1 12.0 0.0 0.0 0.0
213 0.0 11.349021 4.3 12.0 0.0 1.0 0.0
214 0.0 11.242483 5.1  8.0 0.0 1.0 0.0
215 1.0 11.159617 3.6 10.0 0.0 2.0 0.0
216 1.0 10.911874 3.9 10.0 0.0 1.0 0.0
217 1.0 10.507997 3.0  8.0 0.0 2.0 0.0
218 0.0 10.975945 3.0 21.0 2.0 0.0 0.0
219 0.0 10.368614 2.4  2.0 0.0 0.0 0.0
220 0.0 10.567141 4.9  8.0 0.0 1.0 0.0
221 0.0 10.445417 4.9  9.0 0.0 0.0 0.0
222 0.0 10.518592 3.0  8.0 0.0 2.0 0.0
223 1.0 10.700863 4.0  9.0 0.0 4.0 0.0
224 0.0 10.596668 4.4  6.0 0.0 0.0 0.0
225 0.0 11.197492 2.9 13.0 1.0 1.0 0.0
226 0.0 10.939767 2.8 13.0 1.0 0.0 0.0
227 1.0 10.557954 4.3 10.0 0.0 1.0 0.0
228 0.0 10.754640 2.9 10.0 2.0 2.0 0.0
229 1.0 10.464695 4.4  7.0 1.0 1.0 0.0
230 0.0 10.954447 4.2 12.0 0.0 3.0 0.0
231 1.0 10.800645 4.5  8.0 0.0 6.0 0.0
232 0.0  9.774489 5.7  8.0 0.0 1.0 0.0
233 0.0 11.043071 5.1  8.0 0.0 0.0 0.0
234 1.0 10.949314 4.4 11.0 0.0 1.0 0.0
235 0.0 10.015288 5.5  7.0 0.0 2.0 0.0
236 0.0 11.499515 5.5 14.0 0.0 0.0 0.0
237 1.0 10.606732 4.8 10.0 0.0 1.0 0.0
238 0.0 10.647289 4.5  9.0 0.0 3.0 0.0
239 0.0 10.513616 5.4 11.0 0.0 0.0 0.0
240 0.0 11.226845 5.6 12.0 0.0 0.0 0.0
241 1.0 10.698781 3.3 13.0 2.0 0.0 0.0
242 0.0 10.873052 4.0 10.0 0.0 3.0 0.0
243 0.0 10.518034 5.4  7.0 0.0 2.0 0.0
244 0.0 10.398972 5.6  4.0 0.0 0.0 0.0
245 0.0 11.120970 4.0  9.0 0.0 2.0 0.0
246 1.0 10.160162 4.2  8.0 0.0 3.0 0.0
247 0.0 11.189876 5.0 14.0 0.0 1.0 0.0
248 1.0 10.580379 4.9  9.0 0.0 0.0 0.0
249 0.0 10.807338 5.8  8.0 0.0 0.0 0.0
250 1.0  9.761367 5.8  8.0 0.0 0.0 0.0
251 0.0 10.674890 5.7  4.0 0.0 0.0 0.0
252 0.0 10.688645 5.4  4.0 0.0 0.0 0.0
253 0.0 10.185521 5.9  8.0 0.0 0.0 0.0
254 1.0 11.672285 5.1 18.0 0.0 1.0 0.0
255 0.0 10.795038 2.6 12.0 1.0 0.0 0.0
256 1.0 10.972098 4.3 10.0 0.0 2.0 0.0
257 0.0 10.556449 3.8  9.0 0.0 2.0 0.0
258 1.0 10.704404 3.9  8.0 0.0 2.0 0.0
259 1.0 10.428636 5.3  9.0 0.0 0.0 0.0
260 0.0 11.051191 3.8 10.0 0.0 1.0 0.0
261 1.0 10.851682 4.8  7.0 0.0 0.0 0.0
262 1.0 10.482903 4.1  9.0 0.0 0.0 0.0
263 0.0 10.788455 5.5 12.0 0.0 0.0 0.0
264 0.0 10.535781 3.0 13.0 1.0 0.0 0.0
265 1.0 10.131345 5.8  8.0 0.0 0.0 0.0
266 0.0 10.413317 2.8  8.0 2.0 0.0 0.0
267 1.0 10.550204 3.6 15.0 0.0 0.0 0.0
268 0.0 10.678824 5.0  4.0 0.0 1.0 0.0
269 0.0 10.845567 2.7 10.0 1.0 1.0 0.0
270 1.0 10.326767 5.5  8.0 0.0 0.0 0.0
271 0.0 10.756853 2.8 12.0 1.0 0.0 0.0
272 1.0 10.687163 4.5  8.0 0.0 2.0 0.0
273 1.0 10.695410 3.9  4.0 0.0 0.0 0.0
274 1.0 10.447811 3.0  9.0 0.0 1.0 0.0
275 1.0 11.010256 5.3  8.0 0.0 0.0 0.0
276 0.0 10.704237 2.3 10.0 2.0 0.0 0.0
277 0.0 10.913541 5.8 13.0 0.0 0.0 0.0
278 0.0 10.236210 4.4  9.0 0.0 1.0 0.0
279 0.0 11.761940 5.2  9.0 0.0 1.0 0.0
280 0.0 10.485152 2.4 12.0 1.0 0.0 0.0
281 1.0 11.147722 4.8  9.0 0.0 0.0 0.0
282 0.0 11.153504 3.8 11.0 0.0 2.0 0.0
283 0.0 10.645516 5.6 11.0 0.0 0.0 0.0
284 1.0 10.777797 5.0  8.0 0.0 0.0 0.0
285 1.0 10.986342 4.3 14.0 0.0 3.0 0.0
286 0.0 10.628565 2.8 10.0 0.0 2.0 0.0
287 0.0 10.916267 5.6 12.0 0.0 0.0 0.0
288 1.0 10.702699 3.6 12.0 0.0 2.0 0.0
289 0.0 10.952528 4.7 11.0 0.0 1.0 0.0
290 1.0 10.382414 3.7 11.0 0.0 0.0 0.0
291 0.0 10.698292 4.6 11.0 0.0 0.0 0.0
292 0.0 11.051727 5.7  9.0 0.0 0.0 0.0
293 0.0 10.656841 3.3 10.0 0.0 2.0 0.0
294 0.0 10.554549 4.7  8.0 0.0 2.0 0.0
295 0.0 11.692279 4.5 14.0 0.0 2.0 0.0
296 1.0 11.472848 4.2 13.0 0.0 3.0 0.0
297 0.0 11.656427 3.3 11.0 2.0 2.0 0.0
298 1.0 10.696645 4.5 12.0 0.0 2.0 0.0
299 1.0 10.839479 3.9  9.0 0.0 1.0 0.0
300 1.0 10.795194 3.3 10.0 0.0 3.0 0.0
301 1.0 10.379617 2.9  4.0 1.0 1.0 0.0
302 1.0 10.886384 4.4 13.0 0.0 2.0 0.0
303 0.0 11.363417 3.3 15.0 0.0 3.0 0.0
304 0.0 11.132031 2.6 11.0 1.0 0.0 0.0
305 1.0 10.899869 3.2 12.0 0.0 0.0 0.0
306 0.0 11.160232 2.9 12.0 1.0 2.0 0.0
307 1.0 10.058137 6.0  9.0 0.0 0.0 0.0
308 1.0 10.735930 3.9 11.0 0.0 2.0 0.0
309 1.0  9.680395 4.7  9.0 0.0 0.0 0.0
310 0.0 11.150011 3.4  8.0 0.0 3.0 0.0
311 1.0  7.186901 5.7 12.0 0.0 0.0 0.0
312 0.0 10.762847 3.3 12.0 0.0 2.0 0.0
313 0.0 10.641994 5.6  8.0 0.0 0.0 0.0
314 1.0 10.821105 5.5  9.0 0.0 0.0 0.0
315 0.0 11.697144 3.7 13.0 0.0 3.0 0.0
316 1.0 10.867016 5.4  8.0 0.0 0.0 0.0
317 1.0 11.597597 3.3 14.0 1.0 2.0 0.0
318 0.0 11.346550 5.2  4.0 0.0 1.0 0.0
319 1.0 10.440166 2.5 13.0 0.0 0.0 0.0
320 1.0 10.786756 4.7  8.0 0.0 1.0 0.0
321 0.0 10.693526 4.2  9.0 0.0 2.0 0.0
322 0.0 10.639603 3.1 12.0 0.0 2.0 0.0
323 0.0 10.391253 3.0 11.0 1.0 0.0 0.0
324 0.0 11.094102 5.8  4.0 0.0 0.0 0.0
325 1.0  9.952297 5.7 15.0 0.0 0.0 0.0
326 0.0 10.881145 6.0  8.0 0.0 0.0 0.0
327 1.0 10.945509 4.4 11.0 0.0 1.0 0.0
328 0.0 10.723123 2.6  8.0 1.0 2.0 0.0
329 1.0 10.778036 5.9 12.0 0.0 0.0 0.0
330 0.0 10.410974 2.1 12.0 1.0 0.0 0.0
331 1.0 10.331526 5.0  9.0 0.0 0.0 0.0
332 0.0 11.038619 4.5  9.0 0.0 0.0 0.0
333 0.0 10.427884 4.4  8.0 0.0 1.0 0.0
334 0.0  9.903508 2.4  8.0 1.0 0.0 0.0
335 0.0 10.415019 3.1 10.0 0.0 1.0 0.0
336 0.0 11.552967 4.7  7.0 0.0 1.0 0.0
337 0.0 10.726891 4.9  7.0 0.0 1.0 0.0
338 1.0 10.719912 4.5  3.0 0.0 4.0 0.0
339 1.0 10.635413 3.6  9.0 0.0 3.0 0.0
340 1.0 10.607927 4.3  8.0 0.0 1.0 0.0
341 1.0 10.898150 5.7  8.0 0.0 0.0 0.0
342 0.0 10.564245 2.8 10.0 0.0 1.0 0.0
343 0.0 11.008900 4.3 12.0 1.0 0.0 0.0
344 0.0 10.966264 5.7 11.0 0.0 1.0 0.0
345 0.0 11.094889 5.1  8.0 0.0 0.0 0.0
346 0.0 10.949635 2.7 12.0 1.0 0.0 0.0
347 0.0 11.142022 3.2 14.0 3.0 0.0 0.0
348 1.0 10.955511 3.8 12.0 0.0 1.0 0.0
349 0.0  9.999619 6.1 11.0 0.0 0.0 0.0
350 1.0 10.883356 3.3 11.0 2.0 0.0 0.0
351 1.0 10.725962 4.4 11.0 0.0 0.0 0.0
352 0.0 10.379433 4.2  8.0 0.0 0.0 0.0
353 1.0 10.517781 5.9  8.0 0.0 0.0 0.0
354 0.0 10.960598 3.4  8.0 0.0 1.0 0.0
355 0.0 11.017487 2.6 13.0 1.0 1.0 0.0
356 0.0 10.630611 3.1 11.0 1.0 1.0 0.0
357 0.0 10.879928 4.1  9.0 0.0 1.0 0.0
358 0.0 10.556337 5.6 11.0 0.0 0.0 0.0
359 0.0 10.873372 3.6 12.0 0.0 2.0 0.0
360 0.0 10.974541 4.7 12.0 0.0 0.0 0.0
361 0.0 11.213668 3.8 12.0 0.0 3.0 0.0
362 0.0 10.565516 3.9  9.0 1.0 2.0 0.0
363 0.0 10.757045 5.2  8.0 0.0 1.0 0.0
364 1.0 10.218074 4.3  4.0 0.0 0.0 0.0
365 1.0 10.771807 4.9 11.0 0.0 0.0 0.0
366 0.0 10.645901 3.1 16.0 1.0 2.0 0.0
367 1.0 10.609652 3.8 11.0 0.0 2.0 0.0
368 0.0 10.497103 4.9  4.0 0.0 0.0 0.0
369 1.0 11.286425 3.6 11.0 0.0 2.0 0.0
370 1.0 10.713582 2.8 10.0 1.0 1.0 0.0
371 0.0 11.080241 3.1 12.0 2.0 0.0 0.0
372 1.0 10.765547 3.9 12.0 0.0 2.0 0.0
373 0.0 11.787341 3.8 14.0 0.0 2.0 0.0
374 0.0 11.404879 5.4 13.0 0.0 0.0 0.0
375 1.0 10.593832 4.5 12.0 0.0 1.0 0.0
376 1.0 10.566170 2.7  8.0 0.0 0.0 0.0
377 1.0 11.153773 4.3  9.0 0.0 0.0 0.0
378 0.0 10.644508 6.1  8.0 0.0 0.0 0.0
379 1.0 10.962912 3.0 15.0 1.0 1.0 0.0
380 1.0 10.952085 2.6 10.0 1.0 2.0 0.0
381 1.0 11.006509 5.1 12.0 0.0 0.0 0.0
382 0.0 10.503680 5.9  9.0 0.0 0.0 0.0
383 0.0 10.522554 5.8 14.0 0.0 0.0 0.0
384 1.0 10.443773 3.1 11.0 0.0 0.0 0.0
385 0.0 10.363842 5.9  4.0 0.0 0.0 0.0
386 0.0 10.868344 4.1  9.0 0.0 1.0 0.0
387 0.0 10.708355 2.5 10.0 1.0 0.0 0.0
388 1.0 10.959935 4.5 11.0 0.0 4.0 0.0
389 0.0 10.545824 2.3 12.0 0.0 0.0 0.0
390 1.0 10.635506 4.2 10.0 0.0 2.0 0.0
391 0.0 10.674844 3.3  8.0 0.0 2.0 0.0
392 0.0 10.600635 4.6  8.0 0.0 1.0 0.0
393 0.0 10.261245 3.0  4.0 2.0 0.0 0.0
394 1.0 10.618609 3.6 10.0 0.0 4.0 0.0
395 1.0 10.084304 2.5 12.0 0.0 0.0 0.0
396 1.0 11.232703 4.1 12.0 0.0 2.0 0.0
397 1.0 10.614631 2.1 10.0 0.0 0.0 0.0
398 1.0 10.891872 3.8 12.0 0.0 0.0 0.0
399 0.0 10.987128 3.4  9.0 0.0 3.0 0.0
400 1.0 10.901279 5.5  8.0 0.0 0.0 0.0
401 0.0 10.996947 4.3 11.0 0.0 2.0 0.0
402 0.0 10.573843 5.9  8.0 0.0 0.0 0.0
403 1.0 10.530697 3.8 12.0 0.0 2.0 0.0
404 1.0 10.750773 4.3  9.0 0.0 0.0 0.0
405 1.0 10.303822 2.2  8.0 0.0 0.0 0.0
406 1.0 11.071775 3.6 11.0 0.0 2.0 0.0
407 1.0 10.933235 2.8  9.0 0.0 1.0 0.0
408 0.0 10.765986 3.0  9.0 1.0 1.0 0.0
409 1.0 10.808117 5.1 11.0 0.0 0.0 0.0
410 1.0 11.130052 4.4  9.0 0.0 0.0 0.0
411 1.0 10.139643 2.0 11.0 0.0 0.0 0.0
412 1.0 10.446164 4.7 12.0 0.0 0.0 0.0
413 1.0 10.497118 4.1  7.0 0.0 0.0 0.0
414 0.0 10.502569 4.2  8.0 0.0 2.0 0.0
415 0.0 10.813208 3.1 10.0 0.0 0.0 0.0
416 1.0 10.819643 6.1  4.0 0.0 0.0 0.0
417 0.0 10.965238 3.7  8.0 0.0 2.0 0.0
418 0.0 10.940790 3.8 12.0 0.0 2.0 0.0
419 0.0 10.698575 2.8 12.0 1.0 1.0 0.0
420 0.0 10.557849 2.0 12.0 1.0 0.0 0.0
421 0.0 10.869824 5.1  8.0 0.0 0.0 0.0
422 1.0 10.486398 2.1  9.0 0.0 0.0 0.0
423 0.0 10.651588 2.2 12.0 1.0 0.0 0.0
424 1.0 10.741222 2.6  9.0 0.0 0.0 0.0
425 0.0 10.634130 5.7  9.0 0.0 0.0 0.0
426 1.0 10.576883 3.4  9.0 0.0 2.0 0.0
427 0.0 11.299290 2.8 12.0 0.0 0.0 0.0
428 1.0 10.480109 3.2 10.0 2.0 0.0 0.0
429 0.0 10.453177 2.1 14.0 1.0 0.0 0.0
430 1.0 10.471801 3.8  9.0 0.0 1.0 0.0
431 0.0  9.743722 6.1  4.0 0.0 0.0 0.0
432 0.0 10.639916 4.3  9.0 0.0 0.0 0.0
433 0.0 10.621275 2.8 12.0 3.0 1.0 0.0
434 1.0 10.842806 2.7 11.0 1.0 0.0 0.0
435 0.0 11.257013 3.4 17.0 1.0 0.0 0.0
436 1.0 10.245578 4.0  9.0 0.0 6.0 0.0
437 0.0 10.954252 4.9  9.0 0.0 0.0 0.0
438 0.0 10.986144 3.1 11.0 2.0 0.0 0.0
439 0.0 10.479591 2.6 10.0 2.0 0.0 0.0
440 1.0 10.616295 4.0  6.0 0.0 3.0 0.0
441 1.0 10.464226 3.7  8.0 0.0 3.0 0.0
442 0.0 10.482289 2.1 11.0 1.0 0.0 0.0
443 1.0 10.692477 3.3  9.0 0.0 3.0 0.0
444 1.0 10.110817 3.4 16.0 0.0 2.0 0.0
445 1.0 10.775342 2.3 12.0 0.0 0.0 0.0
446 1.0 10.511332 3.9  8.0 0.0 3.0 0.0
447 0.0 10.908272 5.2 10.0 0.0 1.0 0.0
448 0.0 11.270174 3.5  3.0 0.0 2.0 0.0
449 0.0 11.305993 5.6 12.0 0.0 0.0 0.0
450 0.0 11.344299 5.1 10.0 0.0 0.0 0.0
451 1.0 10.563152 4.3  9.0 0.0 1.0 0.0
452 1.0 10.758702 5.2  8.0 0.0 0.0 0.0
453 0.0 10.778850 4.9 10.0 0.0 0.0 0.0
454 1.0 10.779335 3.6 10.0 0.0 2.0 0.0
455 1.0 10.517219 2.3 15.0 0.0 0.0 0.0
456 0.0 11.410587 4.2  5.0 0.0 2.0 0.0
457 0.0 10.538100 5.8  8.0 0.0 0.0 0.0
458 0.0 10.406401 5.7  9.0 0.0 0.0 0.0
459 0.0 10.924246 3.4 12.0 0.0 2.0 0.0
460 0.0 10.549157 5.6 13.0 0.0 0.0 0.0
461 0.0 10.835671 5.8 10.0 0.0 0.0 0.0
462 0.0 10.432760 6.0 12.0 0.0 0.0 0.0
463 1.0 11.244346 4.9 11.0 0.0 0.0 0.0
464 1.0 10.714287 5.0 12.0 0.0 0.0 0.0
465 0.0 11.070370 4.1 12.0 0.0 2.0 0.0
466 0.0 11.762758 4.6 12.0 0.0 1.0 0.0
467 1.0 10.560963 2.8 12.0 2.0 0.0 0.0
468 1.0 10.706676 3.3 13.0 0.0 0.0 0.0
469 0.0 10.741618 3.3 12.0 0.0 1.0 0.0
470 1.0 10.465761 2.7 13.0 1.0 1.0 0.0
471 0.0 10.850747 5.1 10.0 0.0 0.0 0.0
472 1.0 10.507702 5.1  5.0 0.0 1.0 0.0
473 0.0 10.205067 6.0  9.0 0.0 0.0 0.0
474 0.0 10.722933 2.9 12.0 2.0 0.0 0.0
475 1.0 10.699512 2.8 14.0 0.0 2.0 0.0
476 1.0 10.935753 3.5 12.0 0.0 2.0 0.0
477 0.0 12.247989 3.5 16.0 1.0 2.0 0.0
478 0.0 10.840948 4.8  9.0 0.0 0.0 0.0
479 0.0 10.809457 3.2 10.0 0.0 2.0 0.0
480 1.0 11.275831 3.5 12.0 0.0 2.0 0.0
481 1.0 10.659463 2.7  5.0 1.0 0.0 0.0
482 1.0 10.520523 2.6 13.0 2.0 0.0 0.0
483 1.0 10.539925 3.6 16.0 0.0 1.0 0.0
484 0.0 11.121529 4.0 11.0 0.0 4.0 0.0
485 0.0 10.109396 2.6  7.0 2.0 0.0 0.0
486 1.0 10.494469 2.0 12.0 0.0 0.0 0.0
487 0.0 10.711324 3.9 10.0 1.0 3.0 0.0
488 0.0 10.446385 2.8  9.0 1.0 0.0 0.0
489 1.0 10.852547 4.2 14.0 0.0 2.0 0.0
490 0.0 10.805715 2.3 12.0 1.0 0.0 0.0
491 0.0 10.628192 2.4  9.0 2.0 0.0 0.0
492 0.0 10.499790 2.5 16.0 2.0 0.0 0.0
493 1.0 10.723695 3.4 12.0 0.0 1.0 0.0
494 0.0 10.999623 3.7  9.0 0.0 2.0 0.0
495 1.0 10.261038 4.9 15.0 0.0 0.0 0.0
496 1.0  9.866105 3.6  9.0 0.0 2.0 0.0
497 1.0 10.580137 3.7  8.0 0.0 2.0 0.0
498 1.0 10.550487 2.8 13.0 1.0 1.0 0.0
499 1.0 10.627829 4.3  5.0 0.0 2.0 0.0
500 1.0 10.465100 5.2  5.0 0.0 0.0 0.0
501 1.0 10.465806 3.5 13.0 0.0 2.0 0.0
502 0.0 10.630966 5.5 10.0 0.0 0.0 0.0
503 0.0 10.434609 5.7  5.0 0.0 0.0 0.0
504 0.0 10.625388 4.4  9.0 0.0 2.0 0.0
505 0.0 10.680572 2.5 10.0 2.0 0.0 0.0
506 1.0 10.892263 3.8 14.0 0.0 3.0 0.0
507 1.0 10.230812 3.7  9.0 0.0 1.0 0.0
508 0.0 10.948595 4.9  8.0 0.0 1.0 0.0
509 0.0 10.878098 4.6 10.0 0.0 0.0 0.0
510 1.0 10.521214 2.7 13.0 0.0 1.0 0.0
511 1.0 10.143847 5.1  9.0 0.0 0.0 0.0
512 1.0 10.590745 4.8 11.0 0.0 2.0 0.0
513 0.0 10.491730 2.6 11.0 1.0 2.0 0.0
514 1.0  9.555266 4.4 13.0 0.0 0.0 0.0
515 0.0 10.738894 5.0 11.0 0.0 0.0 0.0
516 0.0 10.625338 4.8  6.0 0.0 0.0 0.0
517 1.0 10.729806 4.1 10.0 0.0 2.0 0.0
518 1.0 11.345600 3.8 12.0 0.0 0.0 0.0
519 1.0 10.881607 3.5 13.0 0.0 1.0 0.0
520 1.0 10.738787 4.2 15.0 0.0 1.0 0.0
521 1.0 10.631540 4.5 11.0 0.0 2.0 0.0
522 1.0 10.513256 4.4  9.0 0.0 1.0 0.0
523 0.0 10.930967 5.6 12.0 0.0 0.0 0.0
524 1.0 11.219622 2.9 13.0 1.0 0.0 0.0
525 1.0 10.705048 4.6 12.0 0.0 1.0 0.0
526 0.0 10.673697 3.3 11.0 1.0 1.0 0.0
527 0.0 11.045694 2.8 14.0 1.0 1.0 0.0
528 0.0 10.832491 5.0 14.0 0.0 0.0 0.0
529 1.0 10.761609 2.7 14.0 0.0 0.0 0.0
530 1.0 10.724068 3.8 11.0 0.0 0.0 0.0
531 0.0 10.623711 5.0  5.0 0.0 0.0 0.0
532 1.0 10.494012 2.1 11.0 1.0 0.0 0.0
533 0.0 10.452885 2.4  7.0 1.0 1.0 0.0
534 0.0 10.093520 5.5  9.0 0.0 0.0 0.0
535 0.0 11.456245 3.8 11.0 0.0 2.0 0.0
536 0.0 10.850163 3.3  7.0 0.0 2.0 0.0
537 0.0 10.813476 6.0 10.0 0.0 0.0 0.0
538 0.0 10.763189 5.3  6.0 0.0 0.0 0.0
539 0.0 11.025830 2.9 11.0 1.0 0.0 0.0
540 1.0 10.077104 4.0 10.0 0.0 1.0 0.0
541 1.0 10.660220 3.9 12.0 0.0 2.0 0.0
542 1.0 10.801198 3.4 14.0 1.0 1.0 0.0
543 1.0 10.598890 4.8  4.0 0.0 1.0 0.0
544 1.0 10.449333 3.5 13.0 0.0 0.0 0.0
545 0.0 11.346352 3.0  9.0 1.0 0.0 0.0
546 0.0 11.659979 2.5 11.0 1.0 0.0 0.0
547 0.0  9.937027 5.9  9.0 0.0 0.0 0.0
548 0.0 11.064019 5.1 19.0 0.0 2.0 0.0
549 0.0 10.538300 3.9  9.0 0.0 2.0 0.0
550 0.0 10.690590 5.9 10.0 0.0 0.0 0.0
551 0.0 10.655910 4.0  8.0 0.0 2.0 0.0
552 0.0  9.398499 3.6  8.0 1.0 0.0 0.0
553 0.0 10.649899 4.8  8.0 0.0 2.0 0.0
554 0.0 10.526564 2.1 11.0 1.0 0.0 0.0
555 0.0 10.236696 5.8  5.0 0.0 0.0 0.0
556 0.0 10.225496 6.0  8.0 0.0 0.0 0.0
557 0.0 11.047337 4.8 11.0 0.0 1.0 0.0
558 1.0 11.304028 3.5 13.0 0.0 1.0 0.0
559 0.0 10.554331 4.9 11.0 0.0 0.0 0.0
560 1.0 10.260208 4.4  7.0 0.0 1.0 0.0
561 0.0 11.383919 4.7 13.0 0.0 0.0 0.0
562 0.0 10.737768 5.3  8.0 0.0 0.0 0.0
563 0.0 10.888288 4.6 12.0 0.0 2.0 0.0
564 0.0 11.816648 5.4 13.0 0.0 2.0 0.0
565 0.0  9.994667 5.9 11.0 0.0 0.0 0.0
566 0.0 10.754622 5.7 10.0 0.0 0.0 0.0
567 0.0 10.442490 4.2  5.0 0.0 0.0 0.0
568 0.0 10.009821 6.2 11.0 0.0 0.0 0.0
569 0.0 10.583045 4.6  4.0 0.0 2.0 0.0
570 0.0 10.811378 3.5 12.0 0.0 2.0 0.0
571 0.0 10.958915 3.2 12.0 2.0 0.0 0.0
572 0.0  9.946032 3.5 12.0 0.0 2.0 0.0
573 0.0 10.498668 4.0 11.0 0.0 2.0 0.0
574 1.0 10.595700 2.5 14.0 0.0 0.0 0.0
575 0.0 10.525842 4.0 12.0 0.0 1.0 0.0
576 0.0 10.783294 2.9 10.0 0.0 0.0 0.0
577 0.0 11.116140 3.7 11.0 0.0 2.0 0.0
578 0.0 11.151357 5.3  5.0 0.0 1.0 0.0
579 0.0  9.824778 6.0  9.0 0.0 0.0 0.0
580 1.0  9.895686 4.2  9.0 0.0 3.0 0.0
581 0.0 10.655496 3.2 12.0 0.0 3.0 0.0
582 0.0  9.763989 5.9  5.0 0.0 0.0 0.0
583 1.0  9.878902 4.5  8.0 0.0 1.0 0.0
584 0.0 11.134995 5.1  8.0 0.0 1.0 0.0
585 1.0 10.401523 3.5  8.0 0.0 0.0 0.0
586 0.0 10.749253 2.8 11.0 0.0 0.0 0.0
587 0.0 10.333153 5.7  5.0 0.0 0.0 0.0
588 1.0 10.823801 2.6  7.0 1.0 0.0 0.0
589 1.0 10.321485 4.2  5.0 0.0 0.0 0.0
590 0.0 10.656044 3.1 12.0 1.0 1.0 0.0
591 0.0 10.657436 5.5  8.0 0.0 0.0 0.0
592 0.0 10.846169 4.2 15.0 0.0 2.0 0.0
593 0.0 11.078196 4.0 11.0 0.0 3.0 0.0
594 0.0 10.453034 4.7 11.0 0.0 0.0 0.0
595 0.0 10.654172 4.7  9.0 0.0 1.0 0.0
596 1.0 10.646433 2.6 13.0 1.0 0.0 0.0
597 0.0 11.280745 4.4  9.0 1.0 0.0 0.0
598 0.0 10.583034 2.3  9.0 0.0 1.0 0.0
599 0.0 10.871061 5.0  8.0 0.0 0.0 0.0
600 0.0 10.263108 5.8 12.0 0.0 0.0 0.0
601 1.0 11.067098 4.0  9.0 0.0 2.0 0.0
602 1.0 10.517282 3.3 12.0 0.0 2.0 0.0
603 1.0 11.172825 3.0 15.0 0.0 0.0 0.0
604 0.0 10.596755 3.1 12.0 1.0 0.0 0.0
605 0.0 11.797981 3.1 12.0 2.0 0.0 0.0
606 1.0 10.552378 3.3  9.0 1.0 1.0 0.0
607 0.0 10.794188 3.5 12.0 0.0 2.0 0.0
608 1.0 10.139508 2.6 11.0 0.0 0.0 0.0
609 0.0 10.855759 2.4 14.0 1.0 0.0 0.0
610 0.0 10.962350 6.1  5.0 0.0 0.0 0.0
611 0.0 10.757639 2.9 10.0 0.0 1.0 0.0
612 1.0  9.554492 5.9  8.0 0.0 0.0 0.0
613 0.0 10.505683 2.7 12.0 1.0 0.0 0.0
614 0.0  9.855987 6.2 11.0 0.0 0.0 0.0
615 1.0 10.790935 4.4 12.0 0.0 0.0 0.0
616 1.0 10.652796 3.6 10.0 0.0 0.0 0.0
617 0.0 10.539981 4.0 11.0 0.0 2.0 0.0
618 0.0 11.339795 4.8 10.0 0.0 1.0 0.0
619 1.0 11.224238 3.5 16.0 0.0 2.0 0.0
620 0.0 11.109163 3.2 12.0 1.0 1.0 0.0
621 0.0 10.866395 3.2 12.0 1.0 0.0 0.0
622 0.0 11.186703 4.9  8.0 0.0 0.0 0.0
623 1.0 10.192269 4.3 11.0 0.0 1.0 0.0
624 0.0 12.375650 3.9 12.0 0.0 4.0 0.0
625 0.0 10.472476 2.7 11.0 1.0 1.0 0.0
626 0.0 12.281528 4.2 12.0 0.0 3.0 0.0
627 0.0 10.537006 5.6 12.0 0.0 1.0 0.0
628 0.0 10.899256 3.1 13.0 0.0 3.0 0.0
629 1.0 10.658714 3.7  4.0 0.0 2.0 0.0
630 0.0 10.441724 3.8  8.0 0.0 1.0 0.0
631 0.0 10.407655 5.1  8.0 0.0 0.0 0.0
632 0.0 10.694172 5.0  9.0 0.0 0.0 0.0
633 0.0  9.886124 6.0  5.0 0.0 0.0 0.0
634 1.0 10.479397 3.5  9.0 0.0 2.0 0.0
635 1.0 11.072008 3.5 11.0 0.0 2.0 0.0
636 1.0 10.455375 4.5  8.0 0.0 2.0 0.0
637 0.0 10.657366 2.4 11.0 2.0 0.0 0.0
638 0.0 10.452542 3.5  8.0 1.0 1.0 0.0
639 1.0 10.408072 3.2 17.0 1.0 0.0 0.0
640 1.0 10.242023 3.3 12.0 0.0 2.0 0.0
641 0.0 10.594236 4.6  8.0 0.0 1.0 0.0
642 0.0 11.764058 5.0  5.0 0.0 2.0 0.0
643 0.0 10.828298 3.2 12.0 0.0 0.0 0.0
644 0.0 10.255769 5.8  8.0 0.0 0.0 0.0
645 0.0 10.703698 4.1  8.0 0.0 2.0 0.0
646 0.0 10.915251 3.4  6.0 0.0 2.0 0.0
647 0.0 10.522782 2.1  4.0 1.0 0.0 0.0
648 0.0 10.271325 5.6 13.0 0.0 0.0 0.0
649 0.0 10.226447 3.4  8.0 0.0 3.0 0.0
650 0.0 10.265912 3.7 10.0 0.0 1.0 0.0
651 0.0 11.016894 3.1 12.0 0.0 1.0 0.0
652 0.0 10.607904 2.2 11.0 1.0 0.0 0.0
653 0.0 10.711562 3.2 11.0 1.0 1.0 0.0
654 1.0 10.831660 4.1  8.0 0.0 3.0 0.0
655 0.0 10.759536 3.7 12.0 0.0 4.0 0.0
656 0.0 10.591802 2.9 10.0 0.0 0.0 0.0
657 1.0 10.616046 4.6  9.0 0.0 1.0 1.0
658 1.0 10.391358 2.6  7.0 2.0 0.0 1.0
659 1.0 10.795493 4.4  9.0 0.0 0.0 1.0
660 1.0 10.380510 4.8  4.0 0.0 0.0 1.0
661 1.0 10.564662 3.4  4.0 0.0 3.0 1.0
662 0.0 10.698279 3.4 12.0 1.0 2.0 1.0
663 0.0 10.610146 4.8  5.0 0.0 0.0 1.0
664 1.0 10.684275 2.8  6.0 1.0 2.0 1.0
665 1.0 10.626887 3.2  5.0 0.0 2.0 1.0
666 1.0 10.409648 5.0  4.0 0.0 3.0 1.0
667 1.0 10.543944 3.6  5.0 2.0 1.0 1.0
668 1.0 11.229670 5.0 12.0 0.0 0.0 1.0
669 0.0 10.503701 2.5 11.0 2.0 0.0 1.0
670 1.0 10.696332 3.0 11.0 3.0 0.0 1.0
671 1.0 10.421497 2.5  5.0 0.0 2.0 1.0
672 1.0 10.593060 3.2  8.0 1.0 1.0 1.0
673 1.0 10.531076 2.9 10.0 1.0 1.0 1.0
674 0.0 10.586400 4.4  7.0 0.0 2.0 1.0
675 1.0 10.447639 4.0  5.0 0.0 3.0 1.0
676 0.0 10.633358 5.2 12.0 0.0 0.0 1.0
677 1.0 10.619115 2.7  8.0 2.0 1.0 1.0
678 1.0 10.814894 3.2  8.0 0.0 1.0 1.0
679 0.0 10.633692 3.0 12.0 2.0 0.0 1.0
680 1.0 10.495332 4.0  5.0 0.0 1.0 1.0
681 1.0 10.690870 4.7  4.0 0.0 0.0 1.0
682 1.0 10.389276 4.8  4.0 0.0 1.0 1.0
683 1.0 10.506461 3.6  6.0 0.0 1.0 1.0
684 1.0 10.806028 3.8 10.0 0.0 1.0 1.0
685 1.0 10.605672 3.8  3.0 0.0 1.0 1.0
686 0.0 10.439596 4.8 11.0 0.0 0.0 1.0
687 1.0 10.422506 4.1  7.0 0.0 0.0 1.0
688 1.0 10.436939 3.9  4.0 0.0 2.0 1.0
689 0.0 10.630927 3.1  9.0 2.0 0.0 1.0
690 0.0 10.945442 3.2  7.0 0.0 2.0 1.0
691 0.0 10.902927 4.1  4.0 1.0 1.0 1.0
692 1.0 10.706151 3.6  5.0 0.0 2.0 1.0
693 1.0 10.568070 3.8  3.0 0.0 3.0 1.0
694 1.0 10.255037 5.7  3.0 0.0 0.0 1.0
695 1.0 10.577855 3.4  8.0 0.0 2.0 1.0
696 1.0 10.562634 4.2  5.0 0.0 3.0 1.0
697 1.0 10.897760 3.2 11.0 0.0 0.0 1.0
698 1.0 10.181681 4.8  5.0 0.0 2.0 1.0
699 1.0 10.391575 2.2  9.0 2.0 0.0 1.0
700 0.0 10.551271 3.1  8.0 0.0 2.0 1.0
701 1.0 10.573802 2.6  4.0 0.0 0.0 1.0
702 1.0 10.688289 4.3 11.0 0.0 1.0 1.0
703 1.0 10.486849 4.4  4.0 0.0 2.0 1.0
704 1.0 10.108172 4.5  4.0 0.0 1.0 1.0
705 1.0 10.638368 2.9  5.0 1.0 1.0 1.0
706 1.0 10.368427 4.6  4.0 0.0 0.0 1.0
707 1.0 10.678598 3.1  5.0 1.0 1.0 1.0
708 1.0 10.599005 2.1 11.0 0.0 0.0 1.0
709 1.0 11.165198 4.1 12.0 0.0 1.0 1.0
710 0.0 10.614234 2.8  8.0 1.0 2.0 1.0
711 0.0 10.705376 3.9  2.0 1.0 0.0 1.0
712 1.0 10.433034 4.5  3.0 0.0 1.0 1.0
713 0.0 10.321651 4.9  4.0 0.0 1.0 1.0
714 1.0 10.574284 4.2 10.0 0.0 2.0 1.0
715 0.0  9.737393 5.9  4.0 0.0 0.0 1.0
716 1.0 10.599734 5.4  5.0 0.0 0.0 1.0
717 1.0 10.277369 3.3  7.0 0.0 3.0 1.0
718 0.0 10.472802 2.4  9.0 1.0 1.0 1.0
719 1.0 10.349497 3.5  5.0 0.0 0.0 1.0
720 1.0 10.559267 4.9  8.0 0.0 0.0 1.0
721 0.0 10.587798 4.8  5.0 1.0 2.0 1.0
722 1.0 10.363468 4.1  5.0 0.0 0.0 1.0
723 1.0 10.422002 3.7  5.0 0.0 2.0 1.0
724 1.0 10.472802 3.8  9.0 0.0 4.0 1.0
725 1.0 10.561640 4.2  7.0 0.0 1.0 1.0
726 0.0 11.587482 4.6 11.0 0.0 1.0 1.0
727 1.0 10.460904 3.3  5.0 0.0 2.0 1.0
728 0.0 11.600476 5.5 15.0 0.0 0.0 1.0
729 1.0 10.464381 5.0  5.0 0.0 2.0 1.0
730 1.0 10.379642 2.2  6.0 1.0 0.0 1.0
731 0.0 10.501483 4.0  5.0 0.0 2.0 1.0
732 0.0 10.506813 4.7  5.0 0.0 1.0 1.0
733 1.0 10.628378 5.0 10.0 0.0 0.0 1.0
734 1.0 10.610259 2.8  8.0 0.0 2.0 1.0
735 0.0 10.612646 3.9  5.0 0.0 3.0 1.0
736 1.0 10.696993 3.6 12.0 0.0 2.0 1.0
737 1.0 10.710382 3.9  4.0 0.0 2.0 1.0
738 1.0 10.437066 4.8  4.0 0.0 0.0 1.0
739 0.0 10.568229 2.9  5.0 2.0 0.0 1.0
740 1.0 10.558129 4.6  5.0 0.0 0.0 1.0
741 1.0 10.378959 5.8  5.0 0.0 0.0 1.0
742 0.0 10.476105 2.5  5.0 1.0 0.0 1.0
743 0.0 10.603369 2.9  5.0 1.0 2.0 1.0
744 1.0 10.490960 2.1 11.0 0.0 0.0 1.0
745 1.0 10.600079 3.1  5.0 0.0 1.0 1.0
746 1.0 10.536475 3.5  4.0 0.0 2.0 1.0
747 1.0 10.831383 3.0  5.0 0.0 2.0 1.0
748 1.0 10.461597 3.1  8.0 1.0 0.0 1.0
749 1.0 10.491430 3.4 12.0 1.0 1.0 1.0
750 1.0 10.444563 2.8 11.0 3.0 0.0 1.0
751 1.0 10.530988 4.1  2.0 0.0 2.0 1.0
752 0.0 11.254684 5.9  8.0 0.0 0.0 1.0
753 1.0 10.644262 2.7  9.0 1.0 2.0 1.0
754 0.0 11.134107 5.4 16.0 0.0 0.0 1.0
755 0.0 11.163557 4.0 11.0 1.0 1.0 1.0
756 1.0 10.748157 3.5  7.0 0.0 1.0 1.0
757 1.0 10.424117 3.9  5.0 0.0 3.0 1.0
758 0.0 10.358268 4.3  5.0 0.0 2.0 1.0
759 1.0 10.546735 3.6  8.0 0.0 2.0 1.0
760 1.0 10.167575 4.6  4.0 0.0 0.0 1.0
761 1.0 10.232409 4.4  4.0 0.0 0.0 1.0
762 1.0 10.415019 4.4  6.0 0.0 0.0 1.0
763 1.0  9.439709 2.9  1.0 2.0 0.0 1.0
764 1.0 10.526048 3.2 10.0 1.0 2.0 1.0
765 1.0 10.169228 5.5  5.0 0.0 0.0 1.0
766 1.0 10.403554 3.4  5.0 0.0 2.0 1.0
767 1.0 10.375732 3.7  8.0 1.0 1.0 1.0
768 1.0 10.518030 2.6  5.0 0.0 1.0 1.0
769 0.0 11.197707 3.8 12.0 0.0 1.0 1.0
770 0.0 10.387608 4.5  8.0 0.0 1.0 1.0
771 0.0 10.592153 3.4  8.0 0.0 2.0 1.0
772 1.0 10.554045 3.6  6.0 0.0 2.0 1.0
773 1.0 10.591844 2.6 10.0 0.0 2.0 1.0
774 1.0 10.406093 4.0  5.0 1.0 1.0 1.0
775 0.0 10.680139 4.0  9.0 0.0 1.0 1.0
776 0.0  9.281793 5.7  5.0 0.0 0.0 1.0
777 0.0 10.529899 2.5  8.0 2.0 0.0 1.0
778 1.0 10.524458 3.0  8.0 0.0 1.0 1.0
779 1.0 10.645608 2.5  7.0 1.0 1.0 1.0
780 1.0 10.610342 4.3  2.0 0.0 2.0 1.0
781 0.0 11.292684 4.6 10.0 0.0 1.0 1.0
782 0.0 10.514300 2.6  7.0 1.0 1.0 1.0
783 1.0 10.364109 2.3  4.0 1.0 0.0 1.0
784 1.0 10.678174 3.2  8.0 0.0 2.0 1.0
785 1.0 10.676672 3.4 13.0 0.0 2.0 1.0
786 1.0 10.451906 3.3  3.0 1.0 1.0 1.0
787 1.0 10.493905 2.5  6.0 0.0 1.0 1.0
788 1.0 10.933745 3.9 11.0 0.0 2.0 1.0
789 1.0 10.220448 3.2  9.0 1.0 0.0 1.0
790 1.0 10.279145 4.7  5.0 0.0 0.0 1.0
791 1.0 10.376983 4.6  9.0 0.0 1.0 1.0
792 1.0 10.548088 4.1  8.0 0.0 2.0 1.0
793 1.0 10.457786 2.5  5.0 2.0 1.0 1.0
794 1.0 10.507745 3.9 10.0 0.0 1.0 1.0
795 1.0 10.474064 5.1  3.0 0.0 0.0 1.0
796 1.0 10.325908 5.1 10.0 0.0 0.0 1.0
797 1.0 10.399045 4.9 16.0 0.0 0.0 1.0
798 1.0 10.339881 3.5  8.0 1.0 2.0 1.0
799 0.0 10.522865 2.7  7.0 1.0 1.0 1.0
800 0.0 10.114141 4.7  4.0 0.0 1.0 1.0
801 0.0 10.522161 3.0  8.0 3.0 0.0 1.0
802 0.0 10.414384 3.2  5.0 2.0 1.0 1.0
803 1.0 10.491921 3.4  8.0 0.0 3.0 1.0
804 1.0 10.202841 4.1  4.0 0.0 0.0 1.0
805 1.0 10.465267 2.6  6.0 1.0 2.0 1.0
806 0.0 10.603350 3.3  8.0 2.0 0.0 1.0
807 1.0  9.546312 4.9  6.0 0.0 3.0 1.0
808 0.0 10.420614 4.1  6.0 0.0 3.0 1.0
809 1.0 11.002878 3.7  9.0 0.0 2.0 1.0
810 1.0 10.446016 4.0  3.0 0.0 2.0 1.0
811 1.0 10.316090 5.0  6.0 0.0 1.0 1.0
812 1.0 10.400943 2.9  8.0 0.0 2.0 1.0
813 0.0  9.701465 2.6  4.0 1.0 1.0 1.0
814 1.0 10.481405 3.1  8.0 0.0 1.0 1.0
815 1.0 10.109776 3.2  5.0 0.0 1.0 1.0
816 1.0 10.656443 4.4  5.0 0.0 1.0 1.0
817 0.0 10.527389 2.3  8.0 1.0 0.0 1.0
818 0.0 10.249600 2.4  8.0 1.0 0.0 1.0
819 0.0 10.742908 2.7  8.0 1.0 1.0 1.0
820 1.0 10.440141 2.8  8.0 0.0 1.0 1.0
821 0.0 10.421623 5.2  4.0 0.0 1.0 1.0
822 0.0 10.570640 4.7 12.0 0.0 2.0 1.0
823 0.0 10.695252 4.2  8.0 0.0 2.0 1.0
824 1.0 10.364536 4.2  5.0 0.0 1.0 1.0
825 1.0 10.327931 4.7  4.0 0.0 0.0 1.0
826 1.0 10.177955 3.6  5.0 0.0 1.0 1.0
827 1.0 10.226662 4.1  8.0 0.0 0.0 1.0
828 0.0 10.417757 3.8  3.0 1.0 1.0 1.0
829 0.0 11.466458 3.6 13.0 0.0 2.0 1.0
830 1.0 10.362868 2.5  8.0 1.0 0.0 1.0
831 0.0 10.412528 4.7  5.0 0.0 1.0 1.0
832 1.0 10.417331 4.4  7.0 0.0 1.0 1.0
833 0.0 10.483624 4.4  2.0 0.0 1.0 1.0
834 1.0 10.451833 4.7  8.0 0.0 0.0 1.0
835 1.0 10.187326 2.0  5.0 1.0 0.0 1.0
836 0.0 10.541466 4.1  8.0 0.0 1.0 1.0
837 0.0 10.746960 5.0  7.0 0.0 1.0 1.0
838 1.0 10.442706 3.6  4.0 1.0 1.0 1.0
839 1.0 10.307899 2.0  8.0 0.0 0.0 1.0
840 0.0 10.509970 2.8  6.0 2.0 0.0 1.0
841 1.0 10.302572 4.4  7.0 0.0 0.0 1.0
842 1.0 10.507660 3.5  9.0 0.0 2.0 1.0
843 1.0 10.662906 4.6 15.0 0.0 1.0 1.0
844 1.0 10.656736 2.6  9.0 1.0 0.0 1.0
845 1.0 10.554351 3.1  8.0 0.0 2.0 1.0
846 0.0 10.500807 4.9  5.0 0.0 1.0 1.0
847 0.0 10.317350 5.5  5.0 0.0 0.0 1.0
848 1.0 10.728559 4.0  4.0 0.0 1.0 1.0
849 0.0 10.010429 5.7  6.0 0.0 1.0 1.0
850 1.0 10.474912 5.1  5.0 0.0 2.0 1.0
851 1.0 11.356841 5.6  3.0 0.0 0.0 1.0
852 1.0 10.483732 3.3  2.0 1.0 3.0 1.0
853 1.0 10.752502 4.1  5.0 0.0 2.0 1.0
854 0.0 10.559347 3.2 12.0 1.0 0.0 1.0
855 0.0 10.215829 2.5 11.0 1.0 0.0 1.0
856 1.0 11.574043 4.7 13.0 0.0 0.0 1.0
857 1.0 10.806046 3.1 16.0 2.0 0.0 1.0
858 0.0 10.945839 3.3 14.0 0.0 2.0 1.0
859 1.0 10.379906 2.8  5.0 0.0 2.0 1.0
860 1.0 10.775556 3.8 11.0 0.0 0.0 1.0
861 1.0 10.528899 3.4  9.0 1.0 1.0 1.0
862 1.0 10.468534 3.3  6.0 0.0 2.0 1.0
863 0.0 11.110955 3.5 10.0 1.0 1.0 1.0
864 0.0 10.471365 5.1  9.0 0.0 1.0 1.0
865 0.0 10.147503 4.1  5.0 1.0 0.0 1.0
866 1.0 10.693230 3.5  9.0 0.0 2.0 1.0
867 1.0 10.027595 4.2 14.0 0.0 0.0 1.0
868 0.0 10.597393 2.4  4.0 2.0 1.0 1.0
869 1.0 10.377773 4.8  8.0 0.0 0.0 1.0
870 0.0 10.133740 2.4  6.0 2.0 0.0 1.0
871 1.0 10.932351 4.1 10.0 0.0 1.0 1.0
872 0.0 11.220691 5.1 10.0 0.0 0.0 1.0
